/*--------------------------------*- C++ -*----------------------------------*\
  =========                 |
  \\      /  F ield         | OpenFOAM: The Open Source CFD Toolbox
   \\    /   O peration     | Website:  https://openfoam.org
    \\  /    A nd           | Version:  7
     \\/     M anipulation  |
\*---------------------------------------------------------------------------*/
FoamFile
{
    version     2.0;
    format      ascii;
    class       labelList;
    location    "constant/polyMesh";
    object      cellProcAddressing;
}
// * * * * * * * * * * * * * * * * * * * * * * * * * * * * * * * * * * * * * //


12971
(
92085
92086
92087
92088
92089
92090
92091
92092
92093
92094
92095
92096
92097
92098
92099
92100
92101
92102
92103
92104
92105
92106
92107
92108
92109
92110
92111
92112
92113
92114
92115
92116
92117
92118
92119
92120
92121
92122
92123
92124
92125
92126
92127
92128
92129
92130
92131
92132
92133
92134
92135
92136
92137
92138
92139
92140
92141
92142
92143
92144
92145
92146
92147
92148
92149
92150
92151
92152
92153
92154
92155
92156
92157
92158
92159
92160
92161
92162
92163
92164
92165
92166
92167
92168
92169
92170
92171
92172
92173
92174
92175
92176
92177
92178
92179
92180
92181
92182
92183
92184
92185
92186
92187
92188
92189
92190
92191
92192
92193
92194
92195
92196
92197
92198
92199
92200
92201
92202
92203
92204
92205
92206
92207
92208
92209
92210
92211
92212
92213
92214
92215
92216
92217
92218
92219
92220
92221
92222
92223
92224
92225
92226
92227
92228
92229
92230
92231
92232
92233
92234
92235
92236
92237
92238
92239
92240
92241
92242
92243
92244
92245
92246
92247
92248
92249
92250
92251
92252
92253
92254
92255
92256
92257
92258
92259
92260
92261
92262
92263
92264
92265
92266
92267
92268
92269
92270
92271
92272
92273
92274
92275
92276
92277
92278
92279
92280
92281
92282
92283
92284
92285
92286
92287
92288
92289
92290
92291
92292
92293
92294
92295
92296
92297
92298
92299
92300
92301
92302
92303
92304
92305
92306
92307
92308
92309
92310
92311
92312
92313
92314
92315
92316
92317
92318
92319
92320
92321
92322
92323
92324
92325
92326
92327
92328
92329
92330
92331
92332
92333
92334
92335
92336
92337
92338
92339
92340
92341
92342
92343
92344
92345
92346
92347
92348
92349
92350
92351
92352
92353
92354
92355
92356
92357
92358
92359
92360
92361
92362
92363
92364
92365
92366
92367
92368
92369
92370
92371
92372
92373
92374
92375
92376
92377
92378
92379
92380
92381
92382
92383
92384
92385
92386
92387
92388
92389
92390
92391
92392
92393
92394
92395
92396
92397
92398
92399
92400
92401
92402
92403
92404
92405
92406
92407
92408
92409
92410
92411
92412
92413
92414
92415
92416
92417
92418
92419
92420
92421
92422
92423
92424
92425
92426
92427
92428
92429
92430
92431
92432
92433
92434
92435
92436
92437
92438
92439
92440
92441
92442
92443
92444
92445
92446
92447
92448
92449
92450
92451
92452
92453
92454
92455
92456
92457
92458
92459
92460
92461
92462
92463
92464
92465
92466
92467
92468
92469
92470
92471
92472
92473
92474
92475
92476
92477
92478
92479
92480
92481
92482
92483
92484
92485
92486
92487
92488
92489
92490
92491
92492
92493
92494
92495
92496
92497
92498
92499
92500
92501
92502
92503
92504
92505
92506
92507
92508
92509
92510
92511
92512
92513
92514
92515
92516
92517
92518
92519
92520
92521
92522
92523
92524
92525
92526
92527
92528
92529
92530
92531
92532
92533
92534
92535
92536
92537
92538
92539
92540
92541
92542
92543
92544
92545
92546
92547
92548
92549
92550
92551
92552
92553
92554
92555
92556
92557
92558
92559
92560
92561
92562
92563
92564
92565
92566
92567
92568
92569
92570
92571
92572
92573
92574
92575
92576
92577
92578
92579
92580
92581
92582
92583
92584
92585
92586
92587
92588
92589
92590
92591
92592
92593
92594
92595
92596
92597
92598
92599
92600
92601
92602
92603
92604
92605
92606
92607
92608
92609
92610
92611
92612
92613
92614
92615
92616
92617
92618
92619
92620
92621
92622
92623
92624
92625
92626
92627
92628
92629
92630
92631
92632
92633
92634
92635
92636
92637
92638
92639
92640
92641
92642
92643
92644
92645
92646
92647
92648
92649
92650
92651
92652
92653
92654
92655
92656
92657
92658
92659
92660
92661
92662
92663
92664
92665
92666
92667
92668
92669
92670
92671
92672
92673
92674
92675
92676
92677
92678
92679
92680
92681
92682
92683
92684
92685
92686
92687
92688
92689
92690
92691
92692
92693
92694
92695
92696
92697
92698
92699
92700
92701
92702
92703
92704
92705
92706
92707
92708
92709
92710
92711
92712
92713
92714
92715
92716
92717
92718
92719
92720
92721
92722
92723
92724
92725
92726
92727
92728
92729
92730
92731
92732
92733
92734
92735
92736
92737
92738
92739
92740
92741
92742
92743
92744
92745
92746
92747
92748
92749
92750
92751
92752
92753
92754
92755
92756
92757
92758
92759
92760
92761
92762
92763
92764
92765
92766
92767
92768
92769
92770
92771
92772
92773
92774
92775
92776
92777
92778
92779
92780
92781
92782
92783
92784
92785
92786
92787
92788
92789
92790
92791
92792
92793
92794
92795
92796
92797
92798
92799
92800
92801
92802
92803
92804
92805
92806
92807
92808
92809
92810
92811
92812
92813
92814
92815
92816
92817
92818
92819
92820
92821
92822
92823
92824
92825
92826
92827
92828
92829
92830
92831
92832
92833
92834
92835
92836
92837
92838
92839
92840
92841
92842
92843
92844
92845
92846
92847
92848
92849
92850
92851
92852
92853
92854
92855
92856
92857
92858
92859
92860
92861
92862
92863
92864
92865
92866
92867
92868
92869
92870
92871
92872
92873
92874
92875
92876
92877
92878
92879
92880
92881
92882
92883
92884
92885
92886
92887
92888
92889
92890
92891
92892
92893
92894
92895
92896
92897
92898
92899
92900
92901
92902
92903
92904
92905
92906
92907
92908
92909
92910
92911
92912
92913
92914
92915
92916
92917
92918
92919
92920
92921
92922
92923
92924
92925
92926
92927
92928
92929
92930
92931
92932
92933
92934
92935
92936
92937
92938
92939
92940
92941
92942
92943
92944
92945
92946
92947
92948
92949
92950
92951
92952
92953
92954
92955
92956
92957
92958
92959
92960
92961
92962
92963
92964
92965
92966
92967
92968
92969
92970
92971
92972
92973
92974
92975
92976
92977
92978
92979
92980
92981
92982
92983
92984
92985
92986
92987
92988
92989
92990
92991
92992
92993
92994
92995
92996
92997
92998
92999
93000
93001
93002
93003
93004
93005
93006
93007
93008
93009
93010
93011
93012
93013
93014
93015
93016
93017
93018
93019
93020
93021
93022
93023
93024
93025
93026
93027
93028
93029
93030
93031
93032
93033
93034
93035
93036
93037
93038
93039
93040
93041
93042
93043
93044
93045
93046
93047
93048
93049
93050
93051
93052
93053
93054
93055
93056
93057
93058
93059
93060
93061
93062
93063
93064
93065
93066
93067
93068
93069
93070
93071
93072
93073
93074
93075
93076
93077
93078
93079
93080
93081
93082
93083
93084
93085
93086
93087
93088
93089
93090
93091
93092
93093
93094
93095
93096
93097
93098
93099
93100
93101
93102
93103
93104
93105
93106
93107
93108
93109
93110
93111
93112
93113
93114
93115
93116
93117
93118
93119
93120
93121
93122
93123
93124
93125
93126
93127
93128
93129
93130
93131
93132
93133
93134
93135
93136
93137
93138
93139
93140
93141
93142
93143
93144
93145
93146
93147
93148
93149
93150
93151
93152
93153
93154
93155
93156
93157
93158
93159
93160
93161
93162
93163
93164
93165
93166
93167
93168
93169
93170
93171
93172
93173
93174
93175
93176
93177
93178
93179
93180
93181
93182
93183
93184
93185
93186
93187
93188
93189
93190
93191
93192
93193
93194
93195
93196
93197
93198
93199
93200
93201
93202
93203
93204
93205
93206
93207
93208
93209
93210
93211
93212
93213
93214
93215
93216
93217
93218
93219
93220
93221
93222
93223
93224
93225
93226
93227
93228
93229
93230
93231
93232
93233
93234
93235
93236
93237
93238
93239
93240
93241
93242
93243
93244
93245
93246
93247
93248
93249
93250
93251
93252
93253
93254
93255
93256
93257
93258
93259
93260
93261
93262
93263
93264
93265
93266
93267
93268
93269
93270
93271
93272
93273
93274
93275
93276
93277
93278
93279
93280
93281
93282
93283
93284
93285
93286
93287
93288
93289
93290
93291
93292
93293
93294
93295
93296
93297
93298
93299
93300
93301
93302
93303
93304
93305
93306
93307
93308
93309
93310
93311
93312
93313
93314
93315
93316
93317
93318
93319
93320
93321
93322
93323
93324
93325
93326
93327
93328
93329
93330
93331
93332
93333
93334
93335
93336
93337
93338
93339
93340
93341
93342
93343
93344
93345
93346
93347
93348
93349
93350
93351
93352
93353
93354
93355
93356
93357
93358
93359
93360
93361
93362
93363
93364
93365
93366
93367
93368
93369
93370
93371
93372
93373
93374
93375
93376
93377
93378
93379
93380
93381
93382
93383
93384
93385
93386
93387
93388
93389
93390
93391
93392
93393
93394
93395
93396
93397
93398
93399
93400
93401
93402
93403
93404
93405
93406
93407
93408
93409
93410
93411
93412
93413
93414
93415
93416
93417
93418
93419
93420
93421
93422
93423
93424
93425
93426
93427
93428
93429
93430
93431
93432
93433
93434
93435
93436
93437
93438
93439
93440
93441
93442
93443
93444
93445
93446
93447
93448
93449
93450
93451
93452
93453
93454
93455
93456
93457
93458
93459
93460
93461
93462
93463
93464
93465
93466
93467
93468
93469
93470
93471
93472
93473
93474
93475
93476
93477
93478
93479
93480
93481
93482
93483
93484
93485
93486
93487
93488
93489
93490
93491
93492
93493
93494
93495
93496
93497
93498
93499
93500
93501
93502
93503
93504
93505
93506
93507
93508
93509
93510
93511
93512
93513
93514
93515
93516
93517
93518
93519
93520
93521
93522
93523
93524
93525
93526
93527
93528
93529
93530
93531
93532
93533
93534
93535
93536
93537
93538
93539
93540
93541
93542
93543
93544
93545
93546
93547
93548
93549
93550
93551
93552
93553
93554
93555
93556
93557
93558
93559
93560
93561
93562
93563
93564
93565
93566
93567
93568
93569
93570
93571
93572
93573
93574
93575
93576
93577
93578
93579
93580
93581
93582
93583
93584
93585
93586
93587
93588
93589
93590
93591
93592
93593
93594
93595
93596
93597
93598
93599
93600
93601
93602
93603
93604
93605
93606
93607
93608
93609
93610
93611
93612
93613
93614
93615
93616
93617
93618
93619
93620
93621
93622
93623
93624
93625
93626
93627
93628
93629
93630
93631
93632
93633
93634
93635
93636
93637
93638
93639
93640
93641
93642
93643
93644
93645
93646
93647
93648
93649
93650
93651
93652
93653
93654
93655
93656
93657
93658
93659
93660
93661
93662
93663
93664
93665
93666
93667
93668
93669
93670
93671
93672
93673
93674
93675
93676
93677
93678
93679
93680
93681
93682
93683
93684
93685
93686
93687
93688
93689
93690
93691
93692
93693
93694
93695
93696
93697
93698
93699
93700
93701
93702
93703
93704
93705
93706
93707
93708
93709
93710
93711
93712
93713
93714
93715
93716
93717
93718
93719
93720
93721
93722
93723
93724
93725
93726
93727
93728
93729
93730
93731
93732
93733
93734
93735
93736
93737
93738
93739
93740
93741
93742
93743
93744
93745
93746
93747
93748
93749
93750
93751
93752
93753
93754
93755
93756
93757
93758
93759
93760
93761
93762
93763
93764
93765
93766
93767
93768
93769
93770
93771
93772
93773
93774
93775
93776
93777
93778
93779
93780
93781
93782
93783
93784
93785
93786
93787
93788
93789
93790
93791
93792
93793
93794
93795
93796
93797
93798
93799
93800
93801
93802
93803
93804
93805
93806
93807
93808
93809
93810
93811
93812
93813
93814
93815
93816
93817
93818
93819
93820
93821
93822
93823
93824
93825
93826
93827
93828
93829
93830
93831
93832
93833
93834
93835
93836
93837
93838
93839
93840
93841
93842
93843
93844
93845
93846
93847
93848
93849
93850
93851
93852
93853
93854
93855
93856
93857
93858
93859
93860
93861
93862
93863
93864
93865
93866
93867
93868
93869
93870
93871
93872
93873
93874
93875
93876
93877
93878
93879
93880
93881
93882
93883
93884
93885
93886
93887
93888
93889
93890
93891
93892
93893
93894
93895
93896
93897
93898
93899
93900
93901
93902
93903
93904
93905
93906
93907
93908
93909
93910
93911
93912
93913
93914
93915
93916
93917
93918
93919
93920
93921
93922
93923
93924
93925
93926
93927
93928
93929
93930
93931
93932
93933
93934
93935
93936
93937
93938
93939
93940
93941
93942
93943
93944
93945
93946
93947
93948
93949
93950
93951
93952
93953
93954
93955
93956
93957
93958
93959
93960
93961
93962
93963
93964
93965
93966
93967
93968
93969
93970
93971
93972
93973
93974
93975
93976
93977
93978
93979
93980
93981
93982
93983
93984
93985
93986
93987
93988
93989
93990
93991
93992
93993
93994
93995
93996
93997
93998
93999
94000
94001
94002
94003
94004
94005
94006
94007
94008
94009
94010
94011
94012
94013
94014
94015
94016
94017
94018
94019
94020
94021
94022
94023
94024
94025
94026
94027
94028
94029
94030
94031
94032
94033
94034
94035
94036
94037
94038
94039
94040
94041
94042
94043
94044
94045
94046
94047
94048
94049
94050
94051
94052
94053
94054
94055
94056
94057
94058
94059
94060
94061
94062
94063
94064
94065
94066
94067
94068
94069
94070
94071
94072
94073
94074
94075
94076
94077
94078
94079
94080
94081
94082
94083
94084
94085
94086
94087
94088
94089
94090
94091
94092
94093
94094
94095
94096
94097
94098
94099
94100
94101
94102
94103
94104
94105
94106
94107
94108
94109
94110
94111
94112
94113
94114
94115
94116
94117
94118
94119
94120
94121
94122
94123
94124
94125
94126
94127
94128
94129
94130
94131
94132
94133
94134
94135
94136
94137
94138
94139
94140
94141
94142
94143
94144
94145
94146
94147
94148
94149
94150
94151
94152
94153
94154
94155
94156
94157
94158
94159
94160
94161
94162
94163
94164
94165
94166
94167
94168
94169
94170
94171
94172
94173
94174
94175
94176
94177
94178
94179
94180
94181
94182
94183
94184
94185
94186
94187
94188
94189
94190
94191
94192
94193
94194
94195
94196
94197
94198
94199
94200
94201
94202
94203
94204
94205
94206
94207
94208
94209
94210
94211
94212
94213
94214
94215
94216
94217
94218
94219
94220
94221
94222
94223
94224
94225
94226
94227
94228
94229
94230
94231
94232
94233
94234
94235
94236
94237
94238
94239
94240
94241
94242
94243
94244
94245
94246
94247
94248
94249
94250
94251
94252
94253
94254
94255
94256
94257
94258
94259
94260
94261
94262
94263
94264
94265
94266
94267
94268
94269
94270
94271
94272
94273
94274
94275
94276
94277
94278
94279
94280
94281
94282
94283
94284
94285
94286
94287
94288
94289
94290
94291
94292
94293
94294
94295
94296
94297
94298
94299
94300
94301
94302
94303
94304
94305
94306
94307
94308
94309
94310
94311
94312
94313
94314
94315
94316
94317
94318
94319
94320
94321
94322
94323
94324
94325
94326
94327
94328
94329
94330
94331
94332
94333
94334
94335
94336
94337
94338
94339
94340
94341
94342
94343
94344
94345
94346
94347
94348
94349
94350
94351
94352
94353
94354
94355
94356
94357
94358
94359
94360
94361
94362
94363
94364
94365
94366
94367
94368
94369
94370
94371
94372
94373
94374
94375
94376
94377
94378
94379
94380
94381
94382
94383
94384
94385
94386
94387
94388
94389
94390
94391
94392
94393
94394
94395
94396
94397
94398
94399
94400
94401
94402
94403
94404
94405
94406
94407
94408
94409
94410
94411
94412
94413
94414
94415
94416
94417
94418
94419
94420
94421
94422
94423
94424
94425
94426
94427
94428
94429
94430
94431
94432
94433
94434
94435
94436
94437
94438
94439
94440
94441
94442
94443
94444
94445
94446
94447
94448
94449
94450
94451
94452
94453
94454
94455
94456
94457
94458
94459
94460
94461
94462
94463
94464
94465
94466
94467
94468
94469
94470
94471
94472
94473
94474
94475
94476
94477
94478
94479
94480
94481
94482
94483
94484
94485
94486
94487
94488
94489
94490
94491
94492
94493
94494
94495
94496
94497
94498
94499
94500
94501
94502
94503
94504
94505
94506
94507
94508
94509
94510
94511
94512
94513
94514
94515
94516
94517
94518
94519
94520
94521
94522
94523
94524
94525
94526
94527
94528
94529
94530
94531
94532
94533
94534
94535
94536
94537
94538
94539
94540
94541
94542
94543
94544
94545
94546
94547
94548
94549
94550
94551
94552
94553
94554
94555
94556
94557
94558
94559
94560
94561
94562
94563
94564
94565
94566
94567
94568
94569
94570
94571
94572
94573
94574
94575
94576
94577
94578
94579
94580
94581
94582
94583
94584
94585
94586
94587
94588
94589
94590
94591
94592
94593
94594
94595
94596
94597
94598
94599
94600
94601
94602
94603
94604
94605
94606
94607
94608
94609
94610
94611
94612
94613
94614
94615
94616
94617
94618
94619
94620
94621
94622
94623
94624
94625
94626
94627
94628
94629
94630
94631
94632
94633
94634
94635
94636
94637
94638
94639
94640
94641
94642
94643
94644
94645
94646
94647
94648
94649
94650
94651
94652
94653
94654
94655
94656
94657
94658
94659
94660
94661
94662
94663
94664
94665
94666
94667
94668
94669
94670
94671
94672
94673
94674
94675
94676
94677
94678
94679
94680
94681
94682
94683
94684
94685
94686
94687
94688
94689
94690
94691
94692
94693
94694
94695
94696
94697
94698
94699
94700
94701
94702
94703
94704
94705
94706
94707
94708
94709
94710
94711
94712
94713
94714
94715
94716
94717
94718
94719
94720
94721
94722
94723
94724
94725
94726
94727
94728
94729
94730
94731
94732
94733
94734
94735
94736
94737
94738
94739
94740
94741
94742
94743
94744
94745
94746
94747
94748
94749
94750
94751
94752
94753
94754
94755
94756
94757
94758
94759
94760
94761
94762
94763
94764
94765
94766
94767
94768
94769
94770
94771
94772
94773
94774
94775
94776
94777
94778
94779
94780
94781
94782
94783
94784
94785
94786
94787
94788
94789
94790
94791
94792
94793
94794
94795
94796
94797
94798
94799
94800
94801
94802
94803
94804
94805
94806
94807
94808
94809
94810
94811
94812
94813
94814
94815
94816
94817
94818
94819
94820
94821
94822
94823
94824
94825
94826
94827
94828
94829
94830
94831
94832
94833
94834
94835
94836
94837
94838
94839
94840
94841
94842
94843
94844
94845
94846
94847
94848
94849
94850
94851
94852
94853
94854
94855
94856
94857
94858
94859
94860
94861
94862
94863
94864
94865
94866
94867
94868
94869
94870
94871
94872
94873
94874
94875
94876
94877
94878
94879
94880
94881
94882
94883
94884
94885
94886
94887
94888
94889
94890
94891
94892
94893
94894
94895
94896
94897
94898
94899
94900
94901
94902
94903
94904
94905
94906
94907
94908
94909
94910
94911
94912
94913
94914
94915
94916
94917
94918
94919
94920
94921
94922
94923
94924
94925
94926
94927
94928
94929
94930
94931
94932
94933
94934
94935
94936
94937
94938
94939
94940
94941
94942
94943
94944
94945
94946
94947
94948
94949
94950
94951
94952
94953
94954
94955
94956
94957
94958
94959
94960
94961
94962
94963
94964
94965
94966
94967
94968
94969
94970
94971
94972
94973
94974
94975
94976
94977
94978
94979
94980
94981
94982
94983
94984
94985
94986
94987
94988
94989
94990
94991
94992
94993
94994
94995
94996
94997
94998
94999
95000
95001
95002
95003
95004
95005
95006
95007
95008
95009
95010
95011
95012
95013
95014
95015
95016
95017
95018
95019
95020
95021
95022
95023
95024
95025
95026
95027
95028
95029
95030
95031
95032
95033
95034
95035
95036
95037
95038
95039
95040
95041
95042
95043
95044
95045
95046
95047
95048
95049
95050
95051
95052
95053
95054
95055
95056
95057
95058
95059
95060
95061
95062
95063
95064
95065
95066
95067
95068
95069
95070
95071
95072
95073
95074
95075
95076
95077
95078
95079
95080
95081
95082
95083
95084
95085
95086
95087
95088
95089
95090
95091
95092
95093
95094
95095
95096
95097
95098
95099
95100
95101
95102
95103
95104
95105
95106
95107
95108
95109
95110
95111
95112
95113
95114
95115
95116
95117
95118
95119
95120
95121
95122
95123
95124
95125
95126
95127
95128
95129
95130
95131
95132
95133
95134
95135
95136
95137
95138
95139
95140
95141
95142
95143
95144
95145
95146
95147
95148
95149
95150
95151
95152
95153
95154
95155
95156
95157
95158
95159
95160
95161
95162
95163
95164
95165
95166
95167
95168
95169
95170
95171
95172
95173
95174
95175
95176
95177
95178
95179
95180
95181
95182
95183
95184
95185
95186
95187
95188
95189
95190
95191
95192
95193
95194
95195
95196
95197
95198
95199
95200
95201
95202
95203
95204
95205
95206
95207
95208
95209
95210
95211
95212
95213
95214
95215
95216
95217
95218
95219
95220
95221
95222
95223
95224
95225
95226
95227
95228
95229
95230
95231
95232
95233
95234
95235
95236
95237
95238
95239
95240
95241
95242
95243
95244
95245
95246
95247
95248
95249
95250
95251
95252
95253
95254
95255
95256
95257
95258
95259
95260
95261
95262
95263
95264
95265
95266
95267
95268
95269
95270
95271
95272
95273
95274
95275
95276
95277
95278
95279
95280
95281
95282
95283
95284
95285
95286
95287
95288
95289
95290
95291
95292
95293
95294
95295
95296
95297
95298
95299
95300
95301
95302
95303
95304
95305
95306
95307
95308
95309
95310
95311
95312
95313
95314
95315
95316
95317
95318
95319
95320
95321
95322
95323
95324
95325
95326
95327
95328
95329
95330
95331
95332
95333
95334
95335
95336
95337
95338
95339
95340
95341
95342
95343
95344
95345
95346
95347
95348
95349
95350
95351
95352
95353
95354
95355
95356
95357
95358
95359
95360
95361
95362
95363
95364
95365
95366
95367
95368
95369
95370
95371
95372
95373
95374
95375
95376
95377
95378
95379
95380
95381
95382
95383
95384
95385
95386
95387
95388
95389
95390
95391
95392
95393
95394
95395
95396
95397
95398
95399
95400
95401
95402
95403
95404
95405
95406
95407
95408
95409
95410
95411
95412
95413
95414
95415
95416
95417
95418
95419
95420
95421
95422
95423
95424
95425
95426
95427
95428
95429
95430
95431
95432
95433
95434
95435
95436
95437
95438
95439
95440
95441
95442
95443
95444
95445
95446
95447
95448
95449
95450
95451
95452
95453
95454
95455
95456
95457
95458
95459
95460
95461
95462
95463
95464
95465
95466
95467
95468
95469
95470
95471
95472
95473
95474
95475
95476
95477
95478
95479
95480
95481
95482
95483
95484
95485
95486
95487
95488
95489
95490
95491
95492
95493
95494
95495
95496
95497
95498
95499
95500
95501
95502
95503
95504
95505
95506
95507
95508
95509
95510
95511
95512
95513
95514
95515
95516
95517
95518
95519
95520
95521
95522
95523
95524
95525
95526
95527
95528
95529
95530
95531
95532
95533
95534
95535
95536
95537
95538
95539
95540
95541
95542
95543
95544
95545
95546
95547
95548
95549
95550
95551
95552
95553
95554
95555
95556
95557
95558
95559
95560
95561
95562
95563
95564
95565
95566
95567
95568
95569
95570
95571
95572
95573
95574
95575
95576
95577
95578
95579
95580
95581
95582
95583
95584
95585
95586
95587
95588
95589
95590
95591
95592
95593
95594
95595
95596
95597
95598
95599
95600
95601
95602
95603
95604
95605
95606
95607
95608
95609
95610
95611
95612
95613
95614
95615
95616
95617
95618
95619
95620
95621
95622
95623
95624
95625
95626
95627
95628
95629
95630
95631
95632
95633
95634
95635
95636
95637
95638
95639
95640
95641
95642
95643
95644
95645
95646
95647
95648
95649
95650
95651
95652
95653
95654
95655
95656
95657
95658
95659
95660
95661
95662
95663
95664
95665
95666
95667
95668
95669
95670
95671
95672
95673
95674
95675
95676
95677
95678
95679
95680
95681
95682
95683
95684
95685
95686
95687
95688
95689
95690
95691
95692
95693
95694
95695
95696
95697
95698
95699
95700
95701
95702
95703
95704
95705
95706
95707
95708
95709
95710
95711
95712
95713
95714
95715
95716
95717
95718
95719
95720
95721
95722
95723
95724
95725
95726
95727
95728
95729
95730
95731
95732
95733
95734
95735
95736
95737
95738
95739
95740
95741
95742
95743
95744
95745
95746
95747
95748
95749
95750
95751
95752
95753
95754
95755
95756
95757
95758
95759
95760
95761
95762
95763
95764
95765
95766
95767
95768
95769
95770
95771
95772
95773
95774
95775
95776
95777
95778
95779
95780
95781
95782
95783
95784
95785
95786
95787
95788
95789
95790
95791
95792
95793
95794
95795
95796
95797
95798
95799
95800
95801
95802
95803
95804
95805
95806
95807
95808
95809
95810
95811
95812
95813
95814
95815
95816
95817
95818
95819
95820
95821
95822
95823
95824
95825
95826
95827
95828
95829
95830
95831
95832
95833
95834
95835
95836
95837
95838
95839
95840
95841
95842
95843
95844
95845
95846
95847
95848
95849
95850
95851
95852
95853
95854
95855
95856
95857
95858
95859
95860
95861
95862
95863
95864
95865
95866
95867
95868
95869
95870
95871
95872
95873
95874
95875
95876
95877
95878
95879
95880
95881
95882
95883
95884
95885
95886
95887
95888
95889
95890
95891
95892
95893
95894
95895
95896
95897
95898
95899
95900
95901
95902
95903
95904
95905
95906
95907
95908
95909
95910
95911
95912
95913
95914
95915
95916
95917
95918
95919
95920
95921
95922
95923
95924
95925
95926
95927
95928
95929
95930
95931
95932
95933
95934
95935
95936
95937
95938
95939
95940
95941
95942
95943
95944
95945
95946
95947
95948
95949
95950
95951
95952
95953
95954
95955
95956
95957
95958
95959
95960
95961
95962
95963
95964
95965
95966
95967
95968
95969
95970
95971
95972
95973
95974
95975
95976
95977
95978
95979
95980
95981
95982
95983
95984
95985
95986
95987
95988
95989
95990
95991
95992
95993
95994
95995
95996
95997
95998
95999
96000
96001
96002
96003
96004
96005
96006
96007
96008
96009
96010
96011
96012
96013
96014
96015
96016
96017
96018
96019
96020
96021
96022
96023
96024
96025
96026
96027
96028
96029
96030
96031
96032
96033
96034
96035
96036
96037
96038
96039
96040
96041
96042
96043
96044
96045
96046
96047
96048
96049
96050
96051
96052
96053
96054
96055
96056
96057
96058
96059
96060
96061
96062
96063
96064
96065
96066
96067
96068
96069
96070
96071
96072
96073
96074
96075
96076
96077
96078
96079
96080
96081
96082
96083
96084
96085
96086
96087
96088
96089
96090
96091
96092
96093
96094
96095
96096
96097
96098
96099
96100
96101
96102
96103
96104
96105
96106
96107
96108
96109
96110
96111
96112
96113
96114
96115
96116
96117
96118
96119
96120
96121
96122
96123
96124
96125
96126
96127
96128
96129
96130
96131
96132
96133
96134
96135
96136
96137
96138
96139
96140
96141
96142
96143
96144
96145
96146
96147
96148
96149
96150
96151
96152
96153
96154
96155
96156
96157
96158
96159
96160
96161
96162
96163
96164
96165
96166
96167
96168
96169
96170
96171
96172
96173
96174
96175
96176
96177
96178
96179
96180
96181
96182
96183
96184
96185
96186
96187
96188
96189
96190
96191
96192
96193
96194
96195
96196
96197
96198
96199
96200
96201
96202
96203
96204
96205
96206
96207
96208
96209
96210
96211
96212
96213
96214
96215
96216
96217
96218
96219
96220
96221
96222
96223
96224
96225
96226
96227
96228
96229
96230
96231
96232
96233
96234
96235
96236
96237
96238
96239
96240
96241
96242
96243
96244
96245
96246
96247
96248
96249
96250
96251
96252
96253
96254
96255
96256
96257
96258
96259
96260
96261
96262
96263
96264
96265
96266
96267
96268
96269
96270
96271
96272
96273
96274
96275
96276
96277
96278
96279
96280
96281
96282
96283
96284
96285
96286
96287
96288
96289
96290
96291
96292
96293
96294
96295
96296
96297
96298
96299
96300
96301
96302
96303
96304
96305
96306
96307
96308
96309
96310
96311
96312
96313
96314
96315
96316
96317
96318
96319
96320
96321
96322
96323
96324
96325
96326
96327
96328
96329
96330
96331
96332
96333
96334
96335
96336
96337
96338
96339
96340
96341
96342
96343
96344
96345
96346
96347
96348
96349
96350
96351
96352
96353
96354
96355
96356
96357
96358
96359
96360
96361
96362
96363
96364
96365
96366
96367
96368
96369
96370
96371
96372
96373
96374
96375
96376
96377
96378
96379
96380
96381
96382
96383
96384
96385
96386
96387
96388
96389
96390
96391
96392
96393
96394
96395
96396
96397
96398
96399
96400
96401
96402
96403
96404
96405
96406
96407
96408
96409
96410
96411
96412
96413
96414
96415
96416
96417
96418
96419
96420
96421
96422
96423
96424
96425
96426
96427
96428
96429
96430
96431
96432
96433
96434
96435
96436
96437
96438
96439
96440
96441
96442
96443
96444
96445
96446
96447
96448
96449
96450
96451
96452
96453
96454
96455
96456
96457
96458
96459
96460
96461
96462
96463
96464
96465
96466
96467
96468
96469
96470
96471
96472
96473
96474
96475
96476
96477
96478
96479
96480
96481
96482
96483
96484
96485
96486
96487
96488
96489
96490
96491
96492
96493
96494
96495
96496
96497
96498
96499
96500
96501
96502
96503
96504
96505
96506
96507
96508
96509
96510
96511
96512
96513
96514
96515
96516
96517
96518
96519
96520
96521
96522
96523
96524
96525
96526
96527
96528
96529
96530
96531
96532
96533
96534
96535
96536
96537
96538
96539
96540
96541
96542
96543
96544
96545
96546
96547
96548
96549
96550
96551
96552
96553
96554
96555
96556
96557
96558
96559
96560
96561
96562
96563
96564
96565
96566
96567
96568
96569
96570
96571
96572
96573
96574
96575
96576
96577
96578
96579
96580
96581
96582
96583
96584
96585
96586
96587
96588
96589
96590
96591
96592
96593
96594
96595
96596
96597
96598
96599
96600
96601
96602
96603
96604
96605
96606
96607
96608
96609
96610
96611
96612
96613
96614
96615
96616
96617
96618
96619
96620
96621
96622
96623
96624
96625
96626
96627
96628
96629
96630
96631
96632
96633
96634
96635
96636
96637
96638
96639
96640
96641
96642
96643
96644
96645
96646
96647
96648
96649
96650
96651
96652
96653
96654
96655
96656
96657
96658
96659
96660
96661
96662
96663
96664
96665
96666
96667
96668
96669
96670
96671
96672
96673
96674
96675
96676
96677
96678
96679
96680
96681
96682
96683
96684
96685
96686
96687
96688
96689
96690
96691
96692
96693
96694
96695
96696
96697
96698
96699
96700
96701
96702
96703
96704
96705
96706
96707
96708
96709
96710
96711
96712
96713
96714
96715
96716
96717
96718
96719
96720
96721
96722
96723
96724
96725
96726
96727
96728
96729
96730
96731
96732
96733
96734
96735
96736
96737
96738
96739
96740
96741
96742
96743
96744
96745
96746
96747
96748
96749
96750
96751
96752
96753
96754
96755
96756
96757
96758
96759
96760
96761
96762
96763
96764
96765
96766
96767
96768
96769
96770
96771
96772
96773
96774
96775
96776
96777
96778
96779
96780
96781
96782
96783
96784
96785
96786
96787
96788
96789
96790
96791
96792
96793
96794
96795
96796
96797
96798
96799
96800
96801
96802
96803
96804
96805
96806
96807
96808
96809
96810
96811
96812
96813
96814
96815
96816
96817
96818
96819
96820
96821
96822
96823
96824
96825
96826
96827
96828
96829
96830
96831
96832
96833
96834
96835
96836
96837
96838
96839
96840
96841
96842
96843
96844
96845
96846
96847
96848
96849
96850
96851
96852
96853
96854
96855
96856
96857
96858
96859
96860
96861
96862
96863
96864
96865
96866
96867
96868
96869
96870
96871
96872
96873
96874
96875
96876
96877
96878
96879
96880
96881
96882
96883
96884
96885
96886
96887
96888
96889
96890
96891
96892
96893
96894
96895
96896
96897
96898
96899
96900
96901
96902
96903
96904
96905
96906
96907
96908
96909
96910
96911
96912
96913
96914
96915
96916
96917
96918
96919
96920
96921
96922
96923
96924
96925
96926
96927
96928
96929
96930
96931
96932
96933
96934
96935
96936
96937
96938
96939
96940
96941
96942
96943
96944
96945
96946
96947
96948
96949
96950
96951
96952
96953
96954
96955
96956
96957
96958
96959
96960
96961
96962
96963
96964
96965
96966
96967
96968
96969
96970
96971
96972
96973
96974
96975
96976
96977
96978
96979
96980
96981
96982
96983
96984
96985
96986
96987
96988
96989
96990
96991
96992
96993
96994
96995
96996
96997
96998
96999
97000
97001
97002
97003
97004
97005
97006
97007
97008
97009
97010
97011
97012
97013
97014
97015
97016
97017
97018
97019
97020
97021
97022
97023
97024
97025
97026
97027
97028
97029
97030
97031
97032
97033
97034
97035
97036
97037
97038
97039
97040
97041
97042
97043
97044
97045
97046
97047
97048
97049
97050
97051
97052
97053
97054
97055
97056
97057
97058
97059
97060
97061
97062
97063
97064
97065
97066
97067
97068
97069
97070
97071
97072
97073
97074
97075
97076
97077
97078
97079
97080
97081
97082
97083
97084
97085
97086
97087
97088
97089
97090
97091
97092
97093
97094
97095
97096
97097
97098
97099
97100
97101
97102
97103
97104
97105
97106
97107
97108
97109
97110
97111
97112
97113
97114
97115
97116
97117
97118
97119
97120
97121
97122
97123
97124
97125
97126
97127
97128
97129
97130
97131
97132
97133
97134
97135
97136
97137
97138
97139
97140
97141
97142
97143
97144
97145
97146
97147
97148
97149
97150
97151
97152
97153
97154
97155
97156
97157
97158
97159
97160
97161
97162
97163
97164
97165
97166
97167
97168
97169
97170
97171
97172
97173
97174
97175
97176
97177
97178
97179
97180
97181
97182
97183
97184
97185
97186
97187
97188
97189
97190
97191
97192
97193
97194
97195
97196
97197
97198
97199
97200
97201
97202
97203
97204
97205
97206
97207
97208
97209
97210
97211
97212
97213
97214
97215
97216
97217
97218
97219
97220
97221
97222
97223
97224
97225
97226
97227
97228
97229
97230
97231
97232
97233
97234
97235
97236
97237
97238
97239
97240
97241
97242
97243
97244
97245
97246
97247
97248
97249
97250
97251
97252
97253
97254
97255
97256
97257
97258
97259
97260
97261
97262
97263
97264
97265
97266
97267
97268
97269
97270
97271
97272
97273
97274
97275
97276
97277
97278
97279
97280
97281
97282
97283
97284
97285
97286
97287
97288
97289
97290
97291
97292
97293
97294
97295
97296
97297
97298
97299
97300
97301
97302
97303
97304
97305
97306
97307
97308
97309
97310
97311
97312
97313
97314
97315
97316
97317
97318
97319
97320
97321
97322
97323
97324
97325
97326
97327
97328
97329
97330
97331
97332
97333
97334
97335
97336
97337
97338
97339
97340
97341
97342
97343
97344
97345
97346
97347
97348
97349
97350
97351
97352
97353
97354
97355
97356
97357
97358
97359
97360
97361
97362
97363
97364
97365
97366
97367
97368
97369
97370
97371
97372
97373
97374
97375
97376
97377
97378
97379
97380
97381
97382
97383
97384
97385
97386
97387
97388
97389
97390
97391
97392
97393
97394
97395
97396
97397
97398
97399
97400
97401
97402
97403
97404
97405
97406
97407
97408
97409
97410
97411
97412
97413
97414
97415
97416
97417
97418
97419
97420
97421
97422
97423
97424
97425
97426
97427
97428
97429
97430
97431
97432
97433
97434
97435
97436
97437
97438
97439
97440
97441
97442
97443
97444
97445
97446
97447
97448
97449
97450
97451
97452
97453
97454
97455
97456
97457
97458
97459
97460
97461
97462
97463
97464
97465
97466
97467
97468
97469
97470
97471
97472
97473
97474
97475
97476
97477
97478
97479
97480
97481
97482
97483
97484
97485
97486
97487
97488
97489
97490
97491
97492
97493
97494
97495
97496
97497
97498
97499
97500
97501
97502
97503
97504
97505
97506
97507
97508
97509
97510
97511
97512
97513
97514
97515
97516
97517
97518
97519
97520
97521
97522
97523
97524
97525
97526
97527
97528
97529
97530
97531
97532
97533
97534
97535
97536
97537
97538
97539
97540
97541
97542
97543
97544
97545
97546
97547
97548
97549
97550
97551
97552
97553
97554
97555
97556
97557
97558
97559
97560
97561
97562
97563
97564
97565
97566
97567
97568
97569
97570
97571
97572
97573
97574
97575
97576
97577
97578
97579
97580
97581
97582
97583
97584
97585
97586
97587
97588
97589
97590
97591
97592
97593
97594
97595
97596
97597
97598
97599
97600
97601
97602
97603
97604
97605
97606
97607
97608
97609
97610
97611
97612
97613
97614
97615
97616
97617
97618
97619
97620
97621
97622
97623
97624
97625
97626
97627
97628
97629
97630
97631
97632
97633
97634
97635
97636
97637
97638
97639
97640
97641
97642
97643
97644
97645
97646
97647
97648
97649
97650
97651
97652
97653
97654
97655
97656
97657
97658
97659
97660
97661
97662
97663
97664
97665
97666
97667
97668
97669
97670
97671
97672
97673
97674
97675
97676
97677
97678
97679
97680
97681
97682
97683
97684
97685
97686
97687
97688
97689
97690
97691
97692
97693
97694
97695
97696
97697
97698
97699
97700
97701
97702
97703
97704
97705
97706
97707
97708
97709
97710
97711
97712
97713
97714
97715
97716
97717
97718
97719
97720
97721
97722
97723
97724
97725
97726
97727
97728
97729
97730
97731
97732
97733
97734
97735
97736
97737
97738
97739
97740
97741
97742
97743
97744
97745
97746
97747
97748
97749
97750
97751
97752
97753
97754
97755
97756
97757
97758
97759
97760
97761
97762
97763
97764
97765
97766
97767
97768
97769
97770
97771
97772
97773
97774
97775
97776
97777
97778
97779
97780
97781
97782
97783
97784
97785
97786
97787
97788
97789
97790
97791
97792
97793
97794
97795
97796
97797
97798
97799
97800
97801
97802
97803
97804
97805
97806
97807
97808
97809
97810
97811
97812
97813
97814
97815
97816
97817
97818
97819
97820
97821
97822
97823
97824
97825
97826
97827
97828
97829
97830
97831
97832
97833
97834
97835
97836
97837
97838
97839
97840
97841
97842
97843
97844
97845
97846
97847
97848
97849
97850
97851
97852
97853
97854
97855
97856
97857
97858
97859
97860
97861
97862
97863
97864
97865
97866
97867
97868
97869
97870
97871
97872
97873
97874
97875
97876
97877
97878
97879
97880
97881
97882
97883
97884
97885
97886
97887
97888
97889
97890
97891
97892
97893
97894
97895
97896
97897
97898
97899
97900
97901
97902
97903
97904
97905
97906
97907
97908
97909
97910
97911
97912
97913
97914
97915
97916
97917
97918
97919
97920
97921
97922
97923
97924
97925
97926
97927
97928
97929
97930
97931
97932
97933
97934
97935
97936
97937
97938
97939
97940
97941
97942
97943
97944
97945
97946
97947
97948
97949
97950
97951
97952
97953
97954
97955
97956
97957
97958
97959
97960
97961
97962
97963
97964
97965
97966
97967
97968
97969
97970
97971
97972
97973
97974
97975
97976
97977
97978
97979
97980
97981
97982
97983
97984
97985
97986
97987
97988
97989
97990
97991
97992
97993
97994
97995
97996
97997
97998
97999
98000
98001
98002
98003
98004
98005
98006
98007
98008
98009
98010
98011
98012
98013
98014
98015
98016
98017
98018
98019
98020
98021
98022
98023
98024
98025
98026
98027
98028
98029
98030
98031
98032
98033
98034
98035
98036
98037
98038
98039
98040
98041
98042
98043
98044
98045
98046
98047
98048
98049
98050
98051
98052
98053
98054
98055
98056
98057
98058
98059
98060
98061
98062
98063
98064
98065
98066
98067
98068
98069
98070
98071
98072
98073
98074
98075
98076
98077
98078
98079
98080
98081
98082
98083
98084
98085
98086
98087
98088
98089
98090
98091
98092
98093
98094
98095
98096
98097
98098
98099
98100
98101
98102
98103
98104
98105
98106
98107
98108
98109
98110
98111
98112
98113
98114
98115
98116
98117
98118
98119
98120
98121
98122
98123
98124
98125
98126
98127
98128
98129
98130
98131
98132
98133
98134
98135
98136
98137
98138
98139
98140
98141
98142
98143
98144
98145
98146
98147
98148
98149
98150
98151
98152
98153
98154
98155
98156
98157
98158
98159
98160
98161
98162
98163
98164
98165
98166
98167
98168
98169
98170
98171
98172
98173
98174
98175
98176
98177
98178
98179
98180
98181
98182
98183
98184
98185
98186
98187
98188
98189
98190
98191
98192
98193
98194
98195
98196
98197
98198
98199
98200
98201
98202
98203
98204
98205
98206
98207
98208
98209
98210
98211
98212
98213
98214
98215
98216
98217
98218
98219
98220
98221
98222
98223
98224
98225
98226
98227
98228
98229
98230
98231
98232
98233
98234
98235
98236
98237
98238
98239
98240
98241
98242
98243
98244
98245
98246
98247
98248
98249
98250
98251
98252
98253
98254
98255
98256
98257
98258
98259
98260
98261
98262
98263
98264
98265
98266
98267
98268
98269
98270
98271
98272
98273
98274
98275
98276
98277
98278
98279
98280
98281
98282
98283
98284
98285
98286
98287
98288
98289
98290
98291
98292
98293
98294
98295
98296
98297
98298
98299
98300
98301
98302
98303
98304
98305
98306
98307
98308
98309
98310
98311
98312
98313
98314
98315
98316
98317
98318
98319
98320
98321
98322
98323
98324
98325
98326
98327
98328
98329
98330
98331
98332
98333
98334
98335
98336
98337
98338
98339
98340
98341
98342
98343
98344
98345
98346
98347
98348
98349
98350
98351
98352
98353
98354
98355
98356
98357
98358
98359
98360
98361
98362
98363
98364
98365
98366
98367
98368
98369
98370
98371
98372
98373
98374
98375
98376
98377
98378
98379
98380
98381
98382
98383
98384
98385
98386
98387
98388
98389
98390
98391
98392
98393
98394
98395
98396
98397
98398
98399
98400
98401
98402
98403
98404
98405
98406
98407
98408
98409
98410
98411
98412
98413
98414
98415
98416
98417
98418
98419
98420
98421
98422
98423
98424
98425
98426
98427
98428
98429
98430
98431
98432
98433
98434
98435
98436
98437
98438
98439
98440
98441
98442
98443
98444
98445
98446
98447
98448
98449
98450
98451
98452
98453
98454
98455
98456
98457
98458
98459
98460
98461
98462
98463
98464
98465
98466
98467
98468
98469
98470
98471
98472
98473
98474
98475
98476
98477
98478
98479
98480
98481
98482
98483
98484
98485
98486
98487
98488
98489
98490
98491
98492
98493
98494
98495
98496
98497
98498
98499
98500
98501
98502
98503
98504
98505
98506
98507
98508
98509
98510
98511
98512
98513
98514
98515
98516
98517
98518
98519
98520
98521
98522
98523
98524
98525
98526
98527
98528
98529
98530
98531
98532
98533
98534
98535
98536
98537
98538
98539
98540
98541
98542
98543
98544
98545
98546
98547
98548
98549
98550
98551
98552
98553
98554
98555
98556
98557
98558
98559
98560
98561
98562
98563
98564
98565
98566
98567
98568
98569
98570
98571
98572
98573
98574
98575
98576
98577
98578
98579
98580
98581
98582
98583
98584
98585
98586
98587
98588
98589
98590
98591
98592
98593
98594
98595
98596
98597
98598
98599
98600
98601
98602
98603
98604
98605
98606
98607
98608
98609
98610
98611
98612
98613
98614
98615
98616
98617
98618
98619
98620
98621
98622
98623
98624
98625
98626
98627
98628
98629
98630
98631
98632
98633
98634
98635
98636
98637
98638
98639
98640
98641
98642
98643
98644
98645
98646
98647
98648
98649
98650
98651
98652
98653
98654
98655
98656
98657
98658
98659
98660
98661
98662
98663
98664
98665
98666
98667
98668
98669
98670
98671
98672
98673
98674
98675
98676
98677
98678
98679
98680
98681
98682
98683
98684
98685
98686
98687
98688
98689
98690
98691
98692
98693
98694
98695
98696
98697
98698
98699
98700
98701
98702
98703
98704
98705
98706
98707
98708
98709
98710
98711
98712
98713
98714
98715
98716
98717
98718
98719
98720
98721
98722
98723
98724
98725
98726
98727
98728
98729
98730
98731
98732
98733
98734
98735
98736
98737
98738
98739
98740
98741
98742
98743
98744
98745
98746
98747
98748
98749
98750
98751
98752
98753
98754
98755
98756
98757
98758
98759
98760
98761
98762
98763
98764
98765
98766
98767
98768
98769
98770
98771
98772
98773
98774
98775
98776
98777
98778
98779
98780
98781
98782
98783
98784
98785
98786
98787
98788
98789
98790
98791
98792
98793
98794
98795
98796
98797
98798
98799
98800
98801
98802
98803
98804
98805
98806
98807
98808
98809
98810
98811
98812
98813
98814
98815
98816
98817
98818
98819
98820
98821
98822
98823
98824
98825
98826
98827
98828
98829
98830
98831
98832
98833
98834
98835
98836
98837
98838
98839
98840
98841
98842
98843
98844
98845
98846
98847
98848
98849
98850
98851
98852
98853
98854
98855
98856
98857
98858
98859
98860
98861
98862
98863
98864
98865
98866
98867
98868
98869
98870
98871
98872
98873
98874
98875
98876
98877
98878
98879
98880
98881
98882
98883
98884
98885
98886
98887
98888
98889
98890
98891
98892
98893
98894
98895
98896
98897
98898
98899
98900
98901
98902
98903
98904
98905
98906
98907
98908
98909
98910
98911
98912
98913
98914
98915
98916
98917
98918
98919
98920
98921
98922
98923
98924
98925
98926
98927
98928
98929
98930
98931
98932
98933
98934
98935
98936
98937
98938
98939
98940
98941
98942
98943
98944
98945
98946
98947
98948
98949
98950
98951
98952
98953
98954
98955
98956
98957
98958
98959
98960
98961
98962
98963
98964
98965
98966
98967
98968
98969
98970
98971
98972
98973
98974
98975
98976
98977
98978
98979
98980
98981
98982
98983
98984
98985
98986
98987
98988
98989
98990
98991
98992
98993
98994
98995
98996
98997
98998
98999
99000
99001
99002
99003
99004
99005
99006
99007
99008
99009
99010
99011
99012
99013
99014
99015
99016
99017
99018
99019
99020
99021
99022
99023
99024
99025
99026
99027
99028
99029
99030
99031
99032
99033
99034
99035
99036
99037
99038
99039
99040
99041
99042
99043
99044
99045
99046
99047
99048
99049
99050
99051
99052
99053
99054
99055
99056
99057
99058
99059
99060
99061
99062
99063
99064
99065
99066
99067
99068
99069
99070
99071
99072
99073
99074
99075
99076
99077
99078
99079
99080
99081
99082
99083
99084
99085
99086
99087
99088
99089
99090
99091
99092
99093
99094
99095
99096
99097
99098
99099
99100
99101
99102
99103
99104
99105
99106
99107
99108
99109
99110
99111
99112
99113
99114
99115
99116
99117
99118
99119
99120
99121
99122
99123
99124
99125
99126
99127
99128
99129
99130
99131
99132
99133
99134
99135
99136
99137
99138
99139
99140
99141
99142
99143
99144
99145
99146
99147
99148
99149
99150
99151
99152
99153
99154
99155
99156
99157
99158
99159
99160
99161
99162
99163
99164
99165
99166
99167
99168
99169
99170
99171
99172
99173
99174
99175
99176
99177
99178
99179
99180
99181
99182
99183
99184
99185
99186
99187
99188
99189
99190
99191
99192
99193
99194
99195
99196
99197
99198
99199
99200
99201
99202
99203
99204
99205
99206
99207
99208
99209
99210
99211
99212
99213
99214
99215
99216
99217
99218
99219
99220
99221
99222
99223
99224
99225
99226
99227
99228
99229
99230
99231
99232
99233
99234
99235
99236
99237
99238
99239
99240
99241
99242
99243
99244
99245
99246
99247
99248
99249
99250
99251
99252
99253
99254
99255
99256
99257
99258
99259
99260
99261
99262
99263
99264
99265
99266
99267
99268
99269
99270
99271
99272
99273
99274
99275
99276
99277
99278
99279
99280
99281
99282
99283
99284
99285
99286
99287
99288
99289
99290
99291
99292
99293
99294
99295
99296
99297
99298
99299
99300
99301
99302
99303
99304
99305
99306
99307
99308
99309
99310
99311
99312
99313
99314
99315
99316
99317
99318
99319
99320
99321
99322
99323
99324
99325
99326
99327
99328
99329
99330
99331
99332
99333
99334
99335
99336
99337
99338
99339
99340
99341
99342
99343
99344
99345
99346
99347
99348
99349
99350
99351
99352
99353
99354
99355
99356
99357
99358
99359
99360
99361
99362
99363
99364
99365
99366
99367
99368
99369
99370
99371
99372
99373
99374
99375
99376
99377
99378
99379
99380
99381
99382
99383
99384
99385
99386
99387
99388
99389
99390
99391
99392
99393
99394
99395
99396
99397
99398
99399
99400
99401
99402
99403
99404
99405
99406
99407
99408
99409
99410
99411
99412
99413
99414
99415
99416
99417
99418
99419
99420
99421
99422
99423
99424
99425
99426
99427
99428
99429
99430
99431
99432
99433
99434
99435
99436
99437
99438
99439
99440
99441
99442
99443
99444
99445
99446
99447
99448
99449
99450
99451
99452
99453
99454
99455
99456
99457
99458
99459
99460
99461
99462
99463
99464
99465
99466
99467
99468
99469
99470
99471
99472
99473
99474
99475
99476
99477
99478
99479
99480
99481
99482
99483
99484
99485
99486
99487
99488
99489
99490
99491
99492
99493
99494
99495
99496
99497
99498
99499
99500
99501
99502
99503
99504
99505
99506
99507
99508
99509
99510
99511
99512
99513
99514
99515
99516
99517
99518
99519
99520
99521
99522
99523
99524
99525
99526
99527
99528
99529
99530
99531
99532
99533
99534
99535
99536
99537
99538
99539
99540
99541
99542
99543
99544
99545
99546
99547
99548
99549
99550
99551
99552
99553
99554
99555
99556
99557
99558
99559
99560
99561
99562
99563
99564
99565
99566
99567
99568
99569
99570
99571
99572
99573
99574
99575
99576
99577
99578
99579
99580
99581
99582
99583
99584
99585
99586
99587
99588
99589
99590
99591
99592
99593
99594
99595
99596
99597
99598
99599
99600
99601
99602
99603
99604
99605
99606
99607
99608
99609
99610
99611
99612
99613
99614
99615
99616
99617
99618
99619
99620
99621
99622
99623
99624
99625
99626
99627
99628
99629
99630
99631
99632
99633
99634
99635
99636
99637
99638
99639
99640
99641
99642
99643
99644
99645
99646
99647
99648
99649
99650
99651
99652
99653
99654
99655
99656
99657
99658
99659
99660
99661
99662
99663
99664
99665
99666
99667
99668
99669
99670
99671
99672
99673
99674
99675
99676
99677
99678
99679
99680
99681
99682
99683
99684
99685
99686
99687
99688
99689
99690
99691
99692
99693
99694
99695
99696
99697
99698
99699
99700
99701
99702
99703
99704
99705
99706
99707
99708
99709
99710
99711
99712
99713
99714
99715
99716
99717
99718
99719
99720
99721
99722
99723
99724
99725
99726
99727
99728
99729
99730
99731
99732
99733
99734
99735
99736
99737
99738
99739
99740
99741
99742
99743
99744
99745
99746
99747
99748
99749
99750
99751
99752
99753
99754
99755
99756
99757
99758
99759
99760
99761
99762
99763
99764
99765
99766
99767
99768
99769
99770
99771
99772
99773
99774
99775
99776
99777
99778
99779
99780
99781
99782
99783
99784
99785
99786
99787
99788
99789
99790
99791
99792
99793
99794
99795
99796
99797
99798
99799
99800
99801
99802
99803
99804
99805
99806
99807
99808
99809
99810
99811
99812
99813
99814
99815
99816
99817
99818
99819
99820
99821
99822
99823
99824
99825
99826
99827
99828
99829
99830
99831
99832
99833
99834
99835
99836
99837
99838
99839
99840
99841
99842
99843
99844
99845
99846
99847
99848
99849
99850
99851
99852
99853
99854
99855
99856
99857
99858
99859
99860
99861
99862
99863
99864
99865
99866
99867
99868
99869
99870
99871
99872
99873
99874
99875
99876
99877
99878
99879
99880
99881
99882
99883
99884
99885
99886
99887
99888
99889
99890
99891
99892
99893
99894
99895
99896
99897
99898
99899
99900
99901
99902
99903
99904
99905
99906
99907
99908
99909
99910
99911
99912
99913
99914
99915
99916
99917
99918
99919
99920
99921
99922
99923
99924
99925
99926
99927
99928
99929
99930
99931
99932
99933
99934
99935
99936
99937
99938
99939
99940
99941
99942
99943
99944
99945
99946
99947
99948
99949
99950
99951
99952
99953
99954
99955
99956
99957
99958
99959
99960
99961
99962
99963
99964
99965
99966
99967
99968
99969
99970
99971
99972
99973
99974
99975
99976
99977
99978
99979
99980
99981
99982
99983
99984
99985
99986
99987
99988
99989
99990
99991
99992
99993
99994
99995
99996
99997
99998
99999
100000
100001
100002
100003
100004
100005
100006
100007
100008
100009
100010
100011
100012
100013
100014
100015
100016
100017
100018
100019
100020
100021
100022
100023
100024
100025
100026
100027
100028
100029
100030
100031
100032
100033
100034
100035
100036
100037
100038
100039
100040
100041
100042
100043
100044
100045
100046
100047
100048
100049
100050
100051
100052
100053
100054
100055
100056
100057
100058
100059
100060
100061
100062
100063
100064
100065
100066
100067
100068
100069
100070
100071
100072
100073
100074
100075
100076
100077
100078
100079
100080
100081
100082
100083
100084
100085
100086
100087
100088
100089
100090
100091
100092
100093
100094
100095
100096
100097
100098
100099
100100
100101
100102
100103
100104
100105
100106
100107
100108
100109
100110
100111
100112
100113
100114
100115
100116
100117
100118
100119
100120
100121
100122
100123
100124
100125
100126
100127
100128
100129
100130
100131
100132
100133
100134
100135
100136
100137
100138
100139
100140
100141
100142
100143
100144
100145
100146
100147
100148
100149
100150
100151
100152
100153
100154
100155
100156
100157
100158
100159
100160
100161
100162
100163
100164
100165
100166
100167
100168
100169
100170
100171
100172
100173
100174
100175
100176
100177
100178
100179
100180
100181
100182
100183
100184
100185
100186
100187
100188
100189
100190
100191
100192
100193
100194
100195
100196
100197
100198
100199
100200
100201
100202
100203
100204
100205
100206
100207
100208
100209
100210
100211
100212
100213
100214
100215
100216
100217
100218
100219
100220
100221
100222
100223
100224
100225
100226
100227
100228
100229
100230
100231
100232
100233
100234
100235
100236
100237
100238
100239
100240
100241
100242
100243
100244
100245
100246
100247
100248
100249
100250
100251
100252
100253
100254
100255
100256
100257
100258
100259
100260
100261
100262
100263
100264
100265
100266
100267
100268
100269
100270
100271
100272
100273
100274
100275
100276
100277
100278
100279
100280
100281
100282
100283
100284
100285
100286
100287
100288
100289
100290
100291
100292
100293
100294
100295
100296
100297
100298
100299
100300
100301
100302
100303
100304
100305
100306
100307
100308
100309
100310
100311
100312
100313
100314
100315
100316
100317
100318
100319
100320
100321
100322
100323
100324
100325
100326
100327
100328
100329
100330
100331
100332
100333
100334
100335
100336
100337
100338
100339
100340
100341
100342
100343
100344
100345
100346
100347
100348
100349
100350
100351
100352
100353
100354
100355
100356
100357
100358
100359
100360
100361
100362
100363
100364
100365
100366
100367
100368
100369
100370
100371
100372
100373
100374
100375
100376
100377
100378
100379
100380
100381
100382
100383
100384
100385
100386
100387
100388
100389
100390
100391
100392
100393
100394
100395
100396
100397
100398
100399
100400
100401
100402
100403
100404
100405
100406
100407
100408
100409
100410
100411
100412
100413
100414
100415
100416
100417
100418
100419
100420
100421
100422
100423
100424
100425
100426
100427
100428
100429
100430
100431
100432
100433
100434
100435
100436
100437
100438
100439
100440
100441
100442
100443
100444
100445
100446
100447
100448
100449
100450
100451
100452
100453
100454
100455
100456
100457
100458
100459
100460
100461
100462
100463
100464
100465
100466
100467
100468
100469
100470
100471
100472
100473
100474
100475
100476
100477
100478
100479
100480
100481
100482
100483
100484
100485
100486
100487
100488
100489
100490
100491
100492
100493
100494
100495
100496
100497
100498
100499
100500
100501
100502
100503
100504
100505
100506
100507
100508
100509
100510
100511
100512
100513
100514
100515
100516
100517
100518
100519
100520
100521
100522
100523
100524
100525
100526
100527
100528
100529
100530
100531
100532
100533
100534
100535
100536
100537
100538
100539
100540
100541
100542
100543
100544
100545
100546
100547
100548
100549
100550
100551
100552
100553
100554
100555
100556
100557
100558
100559
100560
100561
100562
100563
100564
100565
100566
100567
100568
100569
100570
100571
100572
100573
100574
100575
100576
100577
100578
100579
100580
100581
100582
100583
100584
100585
100586
100587
100588
100589
100590
100591
100592
100593
100594
100595
100596
100597
100598
100599
100600
100601
100602
100603
100604
100605
100606
100607
100608
100609
100610
100611
100612
100613
100614
100615
100616
100617
100618
100619
100620
100621
100622
100623
100624
100625
100626
100627
100628
100629
100630
100631
100632
100633
100634
100635
100636
100637
100638
100639
100640
100641
100642
100643
100644
100645
100646
100647
100648
100649
100650
100651
100652
100653
100654
100655
100656
100657
100658
100659
100660
100661
100662
100663
100664
100665
100666
100667
100668
100669
100670
100671
100672
100673
100674
100675
100676
100677
100678
100679
100680
100681
100682
100683
100684
100685
100686
100687
100688
100689
100690
100691
100692
100693
100694
100695
100696
100697
100698
100699
100700
100701
100702
100703
100704
100705
100706
100707
100708
100709
100710
100711
100712
100713
100714
100715
100716
100717
100718
100719
100720
100721
100722
100723
100724
100725
100726
100727
100728
100729
100730
100731
100732
100733
100734
100735
100736
100737
100738
100739
100740
100741
100742
100743
100744
100745
100746
100747
100748
100749
100750
100751
100752
100753
100754
100755
100756
100757
100758
100759
100760
100761
100762
100763
100764
100765
100766
100767
100768
100769
100770
100771
100772
100773
100774
100775
100776
100777
100778
100779
100780
100781
100782
100783
100784
100785
100786
100787
100788
100789
100790
100791
100792
100793
100794
100795
100796
100797
100798
100799
100800
100801
100802
100803
100804
100805
100806
100807
100808
100809
100810
100811
100812
100813
100814
100815
100816
100817
100818
100819
100820
100821
100822
100823
100824
100825
100826
100827
100828
100829
100830
100831
100832
100833
100834
100835
100836
100837
100838
100839
100840
100841
100842
100843
100844
100845
100846
100847
100848
100849
100850
100851
100852
100853
100854
100855
100856
100857
100858
100859
100860
100861
100862
100863
100864
100865
100866
100867
100868
100869
100870
100871
100872
100873
100874
100875
100876
100877
100878
100879
100880
100881
100882
100883
100884
100885
100886
100887
100888
100889
100890
100891
100892
100893
100894
100895
100896
100897
100898
100899
100900
100901
100902
100903
100904
100905
100906
100907
100908
100909
100910
100911
100912
100913
100914
100915
100916
100917
100918
100919
100920
100921
100922
100923
100924
100925
100926
100927
100928
100929
100930
100931
100932
100933
100934
100935
100936
100937
100938
100939
100940
100941
100942
100943
100944
100945
100946
100947
100948
100949
100950
100951
100952
100953
100954
100955
100956
100957
100958
100959
100960
100961
100962
100963
100964
100965
100966
100967
100968
100969
100970
100971
100972
100973
100974
100975
100976
100977
100978
100979
100980
100981
100982
100983
100984
100985
100986
100987
100988
100989
100990
100991
100992
100993
100994
100995
100996
100997
100998
100999
101000
101001
101002
101003
101004
101005
101006
101007
101008
101009
101010
101011
101012
101013
101014
101015
101016
101017
101018
101019
101020
101021
101022
101023
101024
101025
101026
101027
101028
101029
101030
101031
101032
101033
101034
101035
101036
101037
101038
101039
101040
101041
101042
101043
101044
101045
101046
101047
101048
101049
101050
101051
101052
101053
101054
101055
101056
101057
101058
101059
101060
101061
101062
101063
101064
101065
101066
101067
101068
101069
101070
101071
101072
101073
101074
101075
101076
101077
101078
101079
101080
101081
101082
101083
101084
101085
101086
101087
101088
101089
101090
101091
101092
101093
101094
101095
101096
101097
101098
101099
101100
101101
101102
101103
101104
101105
101106
101107
101108
101109
101110
101111
101112
101113
101114
101115
101116
101117
101118
101119
101120
101121
101122
101123
101124
101125
101126
101127
101128
101129
101130
101131
101132
101133
101134
101135
101136
101137
101138
101139
101140
101141
101142
101143
101144
101145
101146
101147
101148
101149
101150
101151
101152
101153
101154
101155
101156
101157
101158
101159
101160
101161
101162
101163
101164
101165
101166
101167
101168
101169
101170
101171
101172
101173
101174
101175
101176
101177
101178
101179
101180
101181
101182
101183
101184
101185
101186
101187
101188
101189
101190
101191
101192
101193
101194
101195
101196
101197
101198
101199
101200
101201
101202
101203
101204
101205
101206
101207
101208
101209
101210
101211
101212
101213
101214
101215
101216
101217
101218
101219
101220
101221
101222
101223
101224
101225
101226
101227
101228
101229
101230
101231
101232
101233
101234
101235
101236
101237
101238
101239
101240
101241
101242
101243
101244
101245
101246
101247
101248
101249
101250
101251
101252
101253
101254
101255
101256
101257
101258
101259
101260
101261
101262
101263
101264
101265
101266
101267
101268
101269
101270
101271
101272
101273
101274
101275
101276
101277
101278
101279
101280
101281
101282
101283
101284
101285
101286
101287
101288
101289
101290
101291
101292
101293
101294
101295
101296
101297
101298
101299
101300
101301
101302
101303
101304
101305
101306
101307
101308
101309
101310
101311
101312
101313
101314
101315
101316
101317
101318
101319
101320
101321
101322
101323
101324
101325
101326
101327
101328
101329
101330
101331
101332
101333
101334
101335
101336
101337
101338
101339
101340
101341
101342
101343
101344
101345
101346
101347
101348
101349
101350
101351
101352
101353
101354
101355
101356
101357
101358
101359
101360
101361
101362
101363
101364
101365
101366
101367
101368
101369
101370
101371
101372
101373
101374
101375
101376
101377
101378
101379
101380
101381
101382
101383
101384
101385
101386
101387
101388
101389
101390
101391
101392
101393
101394
101395
101396
101397
101398
101399
101400
101401
101402
101403
101404
101405
101406
101407
101408
101409
101410
101411
101412
101413
101414
101415
101416
101417
101418
101419
101420
101421
101422
101423
101424
101425
101426
101427
101428
101429
101430
101431
101432
101433
101434
101435
101436
101437
101438
101439
101440
101441
101442
101443
101444
101445
101446
101447
101448
101449
101450
101451
101452
101453
101454
101455
101456
101457
101458
101459
101460
101461
101462
101463
101464
101465
101466
101467
101468
101469
101470
101471
101472
101473
101474
101475
101476
101477
101478
101479
101480
101481
101482
101483
101484
101485
101486
101487
101488
101489
101490
101491
101492
101493
101494
101495
101496
101497
101498
101499
101500
101501
101502
101503
101504
101505
101506
101507
101508
101509
101510
101511
101512
101513
101514
101515
101516
101517
101518
101519
101520
101521
101522
101523
101524
101525
101526
101527
101528
101529
101530
101531
101532
101533
101534
101535
101536
101537
101538
101539
101540
101541
101542
101543
101544
101545
101546
101547
101548
101549
101550
101551
101552
101553
101554
101555
101556
101557
101558
101559
101560
101561
101562
101563
101564
101565
101566
101567
101568
101569
101570
101571
101572
101573
101574
101575
101576
101577
101578
101579
101580
101581
101582
101583
101584
101585
101586
101587
101588
101589
101590
101591
101592
101593
101594
101595
101596
101597
101598
101599
101600
101601
101602
101603
101604
101605
101606
101607
101608
101609
101610
101611
101612
101613
101614
101615
101616
101617
101618
101619
101620
101621
101622
101623
101624
101625
101626
101627
101628
101629
101630
101631
101632
101633
101634
101635
101636
101637
101638
101639
101640
101641
101642
101643
101644
101645
101646
101647
101648
101649
101650
101651
101652
101653
101654
101655
101656
101657
101658
101659
101660
101661
101662
101663
101664
101665
101666
101667
101668
101669
101670
101671
101672
101673
101674
101675
101676
101677
101678
101679
101680
101681
101682
101683
101684
101685
101686
101687
101688
101689
101690
101691
101692
101693
101694
101695
101696
101697
101698
101699
101700
101701
101702
101703
101704
101705
101706
101707
101708
101709
101710
101711
101712
101713
101714
101715
101716
101717
101718
101719
101720
101721
101722
101723
101724
101725
101726
101727
101728
101729
101730
101731
101732
101733
101734
101735
101736
101737
101738
101739
101740
101741
101742
101743
101744
101745
101746
101747
101748
101749
101750
101751
101752
101753
101754
101755
101756
101757
101758
101759
101760
101761
101762
101763
101764
101765
101766
101767
101768
101769
101770
101771
101772
101773
101774
101775
101776
101777
101778
101779
101780
101781
101782
101783
101784
101785
101786
101787
101788
101789
101790
101791
101792
101793
101794
101795
101796
101797
101798
101799
101800
101801
101802
101803
101804
101805
101806
101807
101808
101809
101810
101811
101812
101813
101814
101815
101816
101817
101818
101819
101820
101821
101822
101823
101824
101825
101826
101827
101828
101829
101830
101831
101832
101833
101834
101835
101836
101837
101838
101839
101840
101841
101842
101843
101844
101845
101846
101847
101848
101849
101850
101851
101852
101853
101854
101855
101856
101857
101858
101859
101860
101861
101862
101863
101864
101865
101866
101867
101868
101869
101870
101871
101872
101873
101874
101875
101876
101877
101878
101879
101880
101881
101882
101883
101884
101885
101886
101887
101888
101889
101890
101891
101892
101893
101894
101895
101896
101897
101898
101899
101900
101901
101902
101903
101904
101905
101906
101907
101908
101909
101910
101911
101912
101913
101914
101915
101916
101917
101918
101919
101920
101921
101922
101923
101924
101925
101926
101927
101928
101929
101930
101931
101932
101933
101934
101935
101936
101937
101938
101939
101940
101941
101942
101943
101944
101945
101946
101947
101948
101949
101950
101951
101952
101953
101954
101955
101956
101957
101958
101959
101960
101961
101962
101963
101964
101965
101966
101967
101968
101969
101970
101971
101972
101973
101974
101975
101976
101977
101978
101979
101980
101981
101982
101983
101984
101985
101986
101987
101988
101989
101990
101991
101992
101993
101994
101995
101996
101997
101998
101999
102000
102001
102002
102003
102004
102005
102006
102007
102008
102009
102010
102011
102012
102013
102014
102015
102016
102017
102018
102019
102020
102021
102022
102023
102024
102025
102026
102027
102028
102029
102030
102031
102032
102033
102034
102035
102036
102037
102038
102039
102040
102041
102042
102043
102044
102045
102046
102047
102048
102049
102050
102051
102052
102053
102054
102055
102056
102057
102058
102059
102060
102061
102062
102063
102064
102065
102066
102067
102068
102069
102070
102071
102072
102073
102074
102075
102076
102077
102078
102079
102080
102081
102082
102083
102084
102085
102086
102087
102088
102089
102090
102091
102092
102093
102094
102095
102096
102097
102098
102099
102100
102101
102102
102103
102104
102105
102106
102107
102108
102109
102110
102111
102112
102113
102114
102115
102116
102117
102118
102119
102120
102121
102122
102123
102124
102125
102126
102127
102128
102129
102130
102131
102132
102133
102134
102135
102136
102137
102138
102139
102140
102141
102142
102143
102144
102145
102146
102147
102148
102149
102150
102151
102152
102153
102154
102155
102156
102157
102158
102159
102160
102161
102162
102163
102164
102165
102166
102167
102168
102169
102170
102171
102172
102173
102174
102175
102176
102177
102178
102179
102180
102181
102182
102183
102184
102185
102186
102187
102188
102189
102190
102191
102192
102193
102194
102195
102196
102197
102198
102199
102200
102201
102202
102203
102204
102205
102206
102207
102208
102209
102210
102211
102212
102213
102214
102215
102216
102217
102218
102219
102220
102221
102222
102223
102224
102225
102226
102227
102228
102229
102230
102231
102232
102233
102234
102235
102236
102237
102238
102239
102240
102241
102242
102243
102244
102245
102246
102247
102248
102249
102250
102251
102252
102253
102254
102255
102256
102257
102258
102259
102260
102261
102262
102263
102264
102265
102266
102267
102268
102269
102270
102271
102272
102273
102274
102275
102276
102277
102278
102279
102280
102281
102282
102283
102284
102285
102286
102287
102288
102289
102290
102291
102292
102293
102294
102295
102296
102297
102298
102299
102300
102301
102302
102303
102304
102305
102306
102307
102308
102309
102310
102311
102312
102313
102314
102315
102316
102317
102318
102319
102320
102321
102322
102323
102324
102325
102326
102327
102328
102329
102330
102331
102332
102333
102334
102335
102336
102337
102338
102339
102340
102341
102342
102343
102344
102345
102346
102347
102348
102349
102350
102351
102352
102353
102354
102355
102356
102357
102358
102359
102360
102361
102362
102363
102364
102365
102366
102367
102368
102369
102370
102371
102372
102373
102374
102375
102376
102377
102378
102379
102380
102381
102382
102383
102384
102385
102386
102387
102388
102389
102390
102391
102392
102393
102394
102395
102396
102397
102398
102399
102400
102401
102402
102403
102404
102405
102406
102407
102408
102409
102410
102411
102412
102413
102414
102415
102416
102417
102418
102419
102420
102421
102422
102423
102424
102425
102426
102427
102428
102429
102430
102431
102432
102433
102434
102435
102436
102437
102438
102439
102440
102441
102442
102443
102444
102445
102446
102447
102448
102449
102450
102451
102452
102453
102454
102455
102456
102457
102458
102459
102460
102461
102462
102463
102464
102465
102466
102467
102468
102469
102470
102471
102472
102473
102474
102475
102476
102477
102478
102479
102480
102481
102482
102483
102484
102485
102486
102487
102488
102489
102490
102491
102492
102493
102494
102495
102496
102497
102498
102499
102500
102501
102502
102503
102504
102505
102506
102507
102508
102509
102510
102511
102512
102513
102514
102515
102516
102517
102518
102519
102520
102521
102522
102523
102524
102525
102526
102527
102528
102529
102530
102531
102532
102533
102534
102535
102536
102537
102538
102539
102540
102541
102542
102543
102544
102545
102546
102547
102548
102549
102550
102551
102552
102553
102554
102555
102556
102557
102558
102559
102560
102561
102562
102563
102564
102565
102566
102567
102568
102569
102570
102571
102572
102573
102574
102575
102576
102577
102578
102579
102580
102581
102582
102583
102584
102585
102586
102587
102588
102589
102590
102591
102592
102593
102594
102595
102596
102597
102598
102599
102600
102601
102602
102603
102604
102605
102606
102607
102608
102609
102610
102611
102612
102613
102614
102615
102616
102617
102618
102619
102620
102621
102622
102623
102624
102625
102626
102627
102628
102629
102630
102631
102632
102633
102634
102635
102636
102637
102638
102639
102640
102641
102642
102643
102644
102645
102646
102647
102648
102649
102650
102651
102652
102653
102654
102655
102656
102657
102658
102659
102660
102661
102662
102663
102664
102665
102666
102667
102668
102669
102670
102671
102672
102673
102674
102675
102676
102677
102678
102679
102680
102681
102682
102683
102684
102685
102686
102687
102688
102689
102690
102691
102692
102693
102694
102695
102696
102697
102698
102699
102700
102701
102702
102703
102704
102705
102706
102707
102708
102709
102710
102711
102712
102713
102714
102715
102716
102717
102718
102719
102720
102721
102722
102723
102724
102725
102726
102727
102728
102729
102730
102731
102732
102733
102734
102735
102736
102737
102738
102739
102740
102741
102742
102743
102744
102745
102746
102747
102748
102749
102750
102751
102752
102753
102754
102755
102756
102757
102758
102759
102760
102761
102762
102763
102764
102765
102766
102767
102768
102769
102770
102771
102772
102773
102774
102775
102776
102777
102778
102779
102780
102781
102782
102783
102784
102785
102786
102787
102788
102789
102790
102791
102792
102793
102794
102795
102796
102797
102798
102799
102800
102801
102802
102803
102804
102805
102806
102807
102808
102809
102810
102811
102812
102813
102814
102815
102816
102817
102818
102819
102820
102821
102822
102823
102824
102825
102826
102827
102828
102829
102830
102831
102832
102833
102834
102835
102836
102837
102838
102839
102840
102841
102842
102843
102844
102845
102846
102847
102848
102849
102850
102851
102852
102853
102854
102855
102856
102857
102858
102859
102860
102861
102862
102863
102864
102865
102866
102867
102868
102869
102870
102871
102872
102873
102874
102875
102876
102877
102878
102879
102880
102881
102882
102883
102884
102885
102886
102887
102888
102889
102890
102891
102892
102893
102894
102895
102896
102897
102898
102899
102900
102901
102902
102903
102904
102905
102906
102907
102908
102909
102910
102911
102912
102913
102914
102915
102916
102917
102918
102919
102920
102921
102922
102923
102924
102925
102926
102927
102928
102929
102930
102931
102932
102933
102934
102935
102936
102937
102938
102939
102940
102941
102942
102943
102944
102945
102946
102947
102948
102949
102950
102951
102952
102953
102954
102955
102956
102957
102958
102959
102960
102961
102962
102963
102964
102965
102966
102967
102968
102969
102970
102971
102972
102973
102974
102975
102976
102977
102978
102979
102980
102981
102982
102983
102984
102985
102986
102987
102988
102989
102990
102991
102992
102993
102994
102995
102996
102997
102998
102999
103000
103001
103002
103003
103004
103005
103006
103007
103008
103009
103010
103011
103012
103013
103014
103015
103016
103017
103018
103019
103020
103021
103022
103023
103024
103025
103026
103027
103028
103029
103030
103031
103032
103033
103034
103035
103036
103037
103038
103039
103040
103041
103042
103043
103044
103045
103046
103047
103048
103049
103050
103051
103052
103053
103054
103055
103056
103057
103058
103059
103060
103061
103062
103063
103064
103065
103066
103067
103068
103069
103070
103071
103072
103073
103074
103075
103076
103077
103078
103079
103080
103081
103082
103083
103084
103085
103086
103087
103088
103089
103090
103091
103092
103093
103094
103095
103096
103097
103098
103099
103100
103101
103102
103103
103104
103105
103106
103107
103108
103109
103110
103111
103112
103113
103114
103115
103116
103117
103118
103119
103120
103121
103122
103123
103124
103125
103126
103127
103128
103129
103130
103131
103132
103133
103134
103135
103136
103137
103138
103139
103140
103141
103142
103143
103144
103145
103146
103147
103148
103149
103150
103151
103152
103153
103154
103155
103156
103157
103158
103159
103160
103161
103162
103163
103164
103165
103166
103167
103168
103169
103170
103171
103172
103173
103174
103175
103176
103177
103178
103179
103180
103181
103182
103183
103184
103185
103186
103187
103188
103189
103190
103191
103192
103193
103194
103195
103196
103197
103198
103199
103200
103201
103202
103203
103204
103205
103206
103207
103208
103209
103210
103211
103212
103213
103214
103215
103216
103217
103218
103219
103220
103221
103222
103223
103224
103225
103226
103227
103228
103229
103230
103231
103232
103233
103234
103235
103236
103237
103238
103239
103240
103241
103242
103243
103244
103245
103246
103247
103248
103249
103250
103251
103252
103253
103254
103255
103256
103257
103258
103259
103260
103261
103262
103263
103264
103265
103266
103267
103268
103269
103270
103271
103272
103273
103274
103275
103276
103277
103278
103279
103280
103281
103282
103283
103284
103285
103286
103287
103288
103289
103290
103291
103292
103293
103294
103295
103296
103297
103298
103299
103300
103301
103302
103303
103304
103305
103306
103307
103308
103309
103310
103311
103312
103313
103314
103315
103316
103317
103318
103319
103320
103321
103322
103323
103324
103325
103326
103327
103328
103329
103330
103331
103332
103333
103334
103335
103336
103337
103338
103339
103340
103341
103342
103343
103344
103345
103346
103347
103348
103349
103350
103351
103352
103353
103354
103355
103356
103357
103358
103359
103360
103361
103362
103363
103364
103365
103366
103367
103368
103369
103370
103371
103372
103373
103374
103375
103376
103377
103378
103379
103380
103381
103382
103383
103384
103385
103386
103387
103388
103389
103390
103391
103392
103393
103394
103395
103396
103397
103398
103399
103400
103401
103402
103403
103404
103405
103406
103407
103408
103409
103410
103411
103412
103413
103414
103415
103416
103417
103418
103419
103420
103421
103422
103423
103424
103425
103426
103427
103428
103429
103430
103431
103432
103433
103434
103435
103436
103437
103438
103439
103440
103441
103442
103443
103444
103445
103446
103447
103448
103449
103450
103451
103452
103453
103454
103455
103456
103457
103458
103459
103460
103461
103462
103463
103464
103465
103466
103467
103468
103469
103470
103471
103472
103473
103474
103475
103476
103477
103478
103479
103480
103481
103482
103483
103484
103485
103486
103487
103488
103489
103490
103491
103492
103493
103494
103495
103496
103497
103498
103499
103500
103501
103502
103503
103504
103505
103506
103507
103508
103509
103510
103511
103512
103513
103514
103515
103516
103517
103518
103519
103520
103521
103522
103523
103524
103525
103526
103527
103528
103529
103530
103531
103532
103533
103534
103535
103536
103537
103538
103539
103540
103541
103542
103543
103544
103545
103546
103547
103548
103549
103550
103551
103552
103553
103554
103555
103556
103557
103558
103559
103560
103561
103562
103563
103564
103565
103566
103567
103568
103569
103570
103571
103572
103573
103574
103575
103576
103577
103578
103579
103580
103581
103582
103583
103584
103585
103586
103587
103588
103589
103590
103591
103592
103593
103594
103595
103596
103597
103598
103599
103600
103601
103602
103603
103604
103605
103606
103607
103608
103609
103610
103611
103612
103613
103614
103615
103616
103617
103618
103619
103620
103621
103622
103623
103624
103625
103626
103627
103628
103629
103630
103631
103632
103633
103634
103635
103636
103637
103638
103639
103640
103641
103642
103643
103644
103645
103646
103647
103648
103649
103650
103651
103652
103653
103654
103655
103656
103657
103658
103659
103660
103661
103662
103663
103664
103665
103666
103667
103668
103669
103670
103671
103672
103673
103674
103675
103676
103677
103678
103679
103680
103681
103682
103683
103684
103685
103686
103687
103688
103689
103690
103691
103692
103693
103694
103695
103696
103697
103698
103699
103700
103701
103702
103703
103704
103705
103706
103707
103708
103709
103710
103711
103712
103713
103714
103715
103716
103717
103718
103719
103720
103721
103722
103723
103724
103725
103726
103727
103728
103729
103730
103731
103732
103733
103734
103735
103736
103737
103738
103739
103740
103741
103742
103743
103744
103745
103746
103747
103748
103749
103750
103751
103752
103753
103754
103755
103756
103757
103758
103759
103760
103761
103762
103763
103764
103765
103766
103767
103768
103769
103770
103771
103772
103773
103774
103775
103776
103777
103778
103779
103780
103781
103782
103783
103784
103785
103786
103787
103788
103789
103790
103791
103792
103793
103794
103795
103796
103797
103798
103799
103800
103801
103802
103803
103804
103805
103806
103807
103808
103809
103810
103811
103812
103813
103814
103815
103816
103817
103818
103819
103820
103821
103822
103823
103824
103825
103826
103827
103828
103829
103830
103831
103832
103833
103834
103835
103836
103837
103838
103839
103840
103841
103842
103843
103844
103845
103846
103847
103848
103849
103850
103851
103852
103853
103854
103855
103856
103857
103858
103859
103860
103861
103862
103863
103864
103865
103866
103867
103868
103869
103870
103871
103872
103873
103874
103875
103876
103877
103878
103879
103880
103881
103882
103883
103884
103885
103886
103887
103888
103889
103890
103891
103892
103893
103894
103895
103896
103897
103898
103899
103900
103901
103902
103903
103904
103905
103906
103907
103908
103909
103910
103911
103912
103913
103914
103915
103916
103917
103918
103919
103920
103921
103922
103923
103924
103925
103926
103927
103928
103929
103930
103931
103932
103933
103934
103935
103936
103937
103938
103939
103940
103941
103942
103943
103944
103945
103946
103947
103948
103949
103950
103951
103952
103953
103954
103955
103956
103957
103958
103959
103960
103961
103962
103963
103964
103965
103966
103967
103968
103969
103970
103971
103972
103973
103974
103975
103976
103977
103978
103979
103980
103981
103982
103983
103984
103985
103986
103987
103988
103989
103990
103991
103992
103993
103994
103995
103996
103997
103998
103999
104000
104001
104002
104003
104004
104005
104006
104007
104008
104009
104010
104011
104012
104013
104014
104015
104016
104017
104018
104019
104020
104021
104022
104023
104024
104025
104026
104027
104028
104029
104030
104031
104032
104033
104034
104035
104036
104037
104038
104039
104040
104041
104042
104043
104044
104045
104046
104047
104048
104049
104050
104051
104052
104053
104054
104055
104056
104057
104058
104059
104060
104061
104062
104063
104064
104065
104066
104067
104068
104069
104070
104071
104072
104073
104074
104075
104076
104077
104078
104079
104080
104081
104082
104083
104084
104085
104086
104087
104088
104089
104090
104091
104092
104093
104094
104095
104096
104097
104098
104099
104100
104101
104102
104103
104104
104105
104106
104107
104108
104109
104110
104111
104112
104113
104114
104115
104116
104117
104118
104119
104120
104121
104122
104123
104124
104125
104126
104127
104128
104129
104130
104131
104132
104133
104134
104135
104136
104137
104138
104139
104140
104141
104142
104143
104144
104145
104146
104147
104148
104149
104150
104151
104152
104153
104154
104155
104156
104157
104158
104159
104160
104161
104162
104163
104164
104165
104166
104167
104168
104169
104170
104171
104172
104173
104174
104175
104176
104177
104178
104179
104180
104181
104182
104183
104184
104185
104186
104187
104188
104189
104190
104191
104192
104193
104194
104195
104196
104197
104198
104199
104200
104201
104202
104203
104204
104205
104206
104207
104208
104209
104210
104211
104212
104213
104214
104215
104216
104217
104218
104219
104220
104221
104222
104223
104224
104225
104226
104227
104228
104229
104230
104231
104232
104233
104234
104235
104236
104237
104238
104239
104240
104241
104242
104243
104244
104245
104246
104247
104248
104249
104250
104251
104252
104253
104254
104255
104256
104257
104258
104259
104260
104261
104262
104263
104264
104265
104266
104267
104268
104269
104270
104271
104272
104273
104274
104275
104276
104277
104278
104279
104280
104281
104282
104283
104284
104285
104286
104287
104288
104289
104290
104291
104292
104293
104294
104295
104296
104297
104298
104299
104300
104301
104302
104303
104304
104305
104306
104307
104308
104309
104310
104311
104312
104313
104314
104315
104316
104317
104318
104319
104320
104321
104322
104323
104324
104325
104326
104327
104328
104329
104330
104331
104332
104333
104334
104335
104336
104337
104338
104339
104340
104341
104342
104343
104344
104345
104346
104347
104348
104349
104350
104351
104352
104353
104354
104355
104356
104357
104358
104359
104360
104361
104362
104363
104364
104365
104366
104367
104368
104369
104370
104371
104372
104373
104374
104375
104376
104377
104378
104379
104380
104381
104382
104383
104384
104385
104386
104387
104388
104389
104390
104391
104392
104393
104394
104395
104396
104397
104398
104399
104400
104401
104402
104403
104404
104405
104406
104407
104408
104409
104410
104411
104412
104413
104414
104415
104416
104417
104418
104419
104420
104421
104422
104423
104424
104425
104426
104427
104428
104429
104430
104431
104432
104433
104434
104435
104436
104437
104438
104439
104440
104441
104442
104443
104444
104445
104446
104447
104448
104449
104450
104451
104452
104453
104454
104455
104456
104457
104458
104459
104460
104461
104462
104463
104464
104465
104466
104467
104468
104469
104470
104471
104472
104473
104474
104475
104476
104477
104478
104479
104480
104481
104482
104483
104484
104485
104486
104487
104488
104489
104490
104491
104492
104493
104494
104495
104496
104497
104498
104499
104500
104501
104502
104503
104504
104505
104506
104507
104508
104509
104510
104511
104512
104513
104514
104515
104516
104517
104518
104519
104520
104521
104522
104523
104524
104525
104526
104527
104528
104529
104530
104531
104532
104533
104534
104535
104536
104537
104538
104539
104540
104541
104542
104543
104544
104545
104546
104547
104548
104549
104550
104551
104552
104553
104554
104555
104556
104557
104558
104559
104560
104561
104562
104563
104564
104565
104566
104567
104568
104569
104570
104571
104572
104573
104574
104575
104576
104577
104578
104579
104580
104581
104582
104583
104584
104585
104586
104587
104588
104589
104590
104591
104592
104593
104594
104595
104596
104597
104598
104599
104600
104601
104602
104603
104604
104605
104606
104607
104608
104609
104610
104611
104612
104613
104614
104615
104616
104617
104618
104619
104620
104621
104622
104623
104624
104625
104626
104627
104628
104629
104630
104631
104632
104633
104634
104635
104636
104637
104638
104639
104640
104641
104642
104643
104644
104645
104646
104647
104648
104649
104650
104651
104652
104653
104654
104655
104656
104657
104658
104659
104660
104661
104662
104663
104664
104665
104666
104667
104668
104669
104670
104671
104672
104673
104674
104675
104676
104677
104678
104679
104680
104681
104682
104683
104684
104685
104686
104687
104688
104689
104690
104691
104692
104693
104694
104695
104696
104697
104698
104699
104700
104701
104702
104703
104704
104705
104706
104707
104708
104709
104710
104711
104712
104713
104714
104715
104716
104717
104718
104719
104720
104721
104722
104723
104724
104725
104726
104727
104728
104729
104730
104731
104732
104733
104734
104735
104736
104737
104738
104739
104740
104741
104742
104743
104744
104745
104746
104747
104748
104749
104750
104751
104752
104753
104754
104755
104756
104757
104758
104759
104760
104761
104762
104763
104764
104765
104766
104767
104768
104769
104770
104771
104772
104773
104774
104775
104776
104777
104778
104779
104780
104781
104782
104783
104784
104785
104786
104787
104788
104789
104790
104791
104792
104793
104794
104795
104796
104797
104798
104799
104800
104801
104802
104803
104804
104805
104806
104807
104808
104809
104810
104811
104812
104813
104814
104815
104816
104817
104818
104819
104820
104821
104822
104823
104824
104825
104826
104827
104828
104829
104830
104831
104832
104833
104834
104835
104836
104837
104838
104839
104840
104841
104842
104843
104844
104845
104846
104847
104848
104849
104850
104851
104852
104853
104854
104855
104856
104857
104858
104859
104860
104861
104862
104863
104864
104865
104866
104867
104868
104869
104870
104871
104872
104873
104874
104875
104876
104877
104878
104879
104880
104881
104882
104883
104884
104885
104886
104887
104888
104889
104890
104891
104892
104893
104894
104895
104896
104897
104898
104899
104900
104901
104902
104903
104904
104905
104906
104907
104908
104909
104910
104911
104912
104913
104914
104915
104916
104917
104918
104919
104920
104921
104922
104923
104924
104925
104926
104927
104928
104929
104930
104931
104932
104933
104934
104935
104936
104937
104938
104939
104940
104941
104942
104943
104944
104945
104946
104947
104948
104949
104950
104951
104952
104953
104954
104955
104956
104957
104958
104959
104960
104961
104962
104963
104964
104965
104966
104967
104968
104969
104970
104971
104972
104973
104974
104975
104976
104977
104978
104979
104980
104981
104982
104983
104984
104985
104986
104987
104988
104989
104990
104991
104992
104993
104994
104995
104996
104997
104998
104999
105000
105001
105002
105003
105004
105005
105006
105007
105008
105009
105010
105011
105012
105013
105014
105015
105016
105017
105018
105019
105020
105021
105022
105023
105024
105025
105026
105027
105028
105029
105030
105031
105032
105033
105034
105035
105036
105037
105038
105039
105040
105041
105042
105043
105044
105045
105046
105047
105048
105049
105050
105051
105052
105053
105054
105055
)


// ************************************************************************* //
