/*--------------------------------*- C++ -*----------------------------------*\
  =========                 |
  \\      /  F ield         | OpenFOAM: The Open Source CFD Toolbox
   \\    /   O peration     | Website:  https://openfoam.org
    \\  /    A nd           | Version:  7
     \\/     M anipulation  |
\*---------------------------------------------------------------------------*/
FoamFile
{
    version     2.0;
    format      ascii;
    class       labelList;
    location    "constant/polyMesh";
    object      pointProcAddressing;
}
// * * * * * * * * * * * * * * * * * * * * * * * * * * * * * * * * * * * * * //


15846
(
72992
72993
72994
72995
72996
72997
72998
72999
73000
73001
73002
73003
73004
73005
73006
73007
73008
73009
73010
72966
72969
73011
73012
73013
73014
73015
73016
73017
73018
73019
73020
73021
73022
73023
73024
73025
73026
73027
73028
72971
73029
73030
73031
73032
73033
73034
73035
73036
73037
73038
73039
73040
73041
73042
73043
73044
72973
73045
73046
73047
73048
73049
73050
73051
73052
73053
73054
72975
73055
73056
73057
73058
73059
73060
73061
73062
73063
73064
72977
73065
73066
73067
73068
73069
73070
73071
73072
73073
73074
72979
73075
73076
73077
73078
73079
73080
73081
73082
73083
73084
72981
73085
73086
73087
73088
73089
73090
73091
73092
73093
73094
73095
72983
73096
73097
73098
73099
73100
73101
73102
73103
73104
73105
73106
73107
72985
73108
73109
73110
73111
73112
73113
73114
73115
73116
73117
73118
73119
73120
73121
73122
73123
72987
73124
73125
73126
73127
73128
73129
73130
73131
73132
73133
73134
73135
73136
73137
73138
73139
73140
73141
73142
73143
73144
73145
73146
73147
73148
73149
73150
73151
73152
73153
73154
73155
73156
73157
73158
73159
73160
73161
73162
73163
73164
73165
73166
73167
73168
73169
73170
73171
73172
73173
73174
73175
73176
72955
72956
73177
73178
73179
73180
73181
73182
73183
73184
73185
73186
73187
73188
73189
73190
72957
73191
73192
73193
73194
73195
73196
73197
73198
73199
73200
72958
73201
73202
73203
73204
73205
73206
73207
73208
73209
73210
72959
73211
73212
73213
73214
73215
73216
73217
73218
73219
73220
72960
73221
73222
73223
73224
73225
73226
73227
73228
73229
73230
72961
73231
73232
73233
73234
73235
73236
73237
73238
73239
73240
72962
73241
73242
73243
73244
73245
73246
73247
73248
73249
73250
72963
73251
73252
73253
73254
73255
73256
73257
73258
73259
73260
73261
73262
73263
73264
72964
73265
73266
73267
73268
73269
73270
73271
73272
73273
73274
73275
73276
73277
73278
73279
72965
73280
73281
73282
73283
73284
73285
73286
73287
73288
73289
73290
73291
73292
73293
73294
73295
73296
73297
73298
73299
73300
73301
73302
73303
73304
73305
73306
73307
73308
73309
73310
73311
73312
73313
73314
73315
73316
73317
73318
73319
73320
73321
73322
73323
73324
73325
73326
73327
73328
72811
72814
73329
73330
73331
73332
73333
73334
73335
73336
73337
73338
73339
73340
72836
73341
73342
73343
73344
73345
73346
73347
73348
73349
73350
72848
73351
73352
73353
73354
73355
73356
73357
73358
73359
73360
72862
73361
73362
73363
73364
73365
73366
73367
73368
73369
73370
72876
73371
73372
73373
73374
73375
73376
73377
73378
73379
73380
72890
73381
73382
73383
73384
73385
73386
73387
73388
73389
73390
72904
73391
73392
73393
73394
73395
73396
73397
73398
73399
73400
72918
73401
73402
73403
73404
73405
73406
73407
73408
73409
73410
73411
72932
73412
73413
73414
73415
73416
73417
73418
73419
73420
73421
73422
73423
72944
73424
73425
73426
73427
73428
73429
73430
73431
73432
73433
73434
73435
73436
73437
73438
72812
73439
73440
73441
73442
73443
73444
73445
73446
73447
72815
73448
73449
73450
73451
73452
73453
73454
73455
73456
72817
73457
73458
73459
73460
73461
73462
73463
73464
73465
72819
73466
73467
73468
73469
73470
73471
73472
73473
73474
72821
73475
73476
73477
73478
73479
73480
73481
73482
73483
72823
73484
73485
73486
73487
73488
73489
73490
73491
73492
72825
73493
73494
73495
73496
73497
73498
73499
73500
73501
72126
73502
73503
73504
73505
73506
73507
73508
73509
73510
73511
73512
73513
73514
73515
73516
73517
73518
73519
73520
73521
73522
73523
73524
73525
73526
73527
73528
73529
73530
73531
73532
73533
73534
73535
73536
73537
73538
73539
73540
73541
73542
73543
73544
73545
73546
73547
73548
73549
73550
73551
73552
73553
73554
73555
73556
73557
73558
73559
73560
73561
73562
73563
73564
73565
73566
73567
73568
73569
73570
73571
73572
73573
73574
73575
73576
73577
73578
73579
73580
73581
73582
73583
73584
73585
73586
73587
73588
73589
73590
73591
72132
73592
73593
73594
73595
73596
73597
73598
73599
73600
72827
73601
73602
73603
73604
73605
73606
73607
73608
73609
72829
73610
73611
73612
73613
73614
73615
73616
73617
73618
72831
73619
73620
73621
73622
73623
73624
73625
73626
73627
72833
73628
73629
73630
73631
73632
73633
73634
73635
73636
72138
73637
73638
73639
73640
73641
73642
73643
73644
73645
73646
72813
73647
73648
73649
73650
73651
73652
73653
73654
73655
73656
72816
73657
73658
73659
73660
73661
73662
73663
73664
73665
73666
72818
73667
73668
73669
73670
73671
73672
73673
73674
73675
73676
72820
73677
73678
73679
73680
73681
73682
73683
73684
73685
73686
72822
73687
73688
73689
73690
73691
73692
73693
73694
73695
73696
72824
73697
73698
73699
73700
73701
73702
73703
73704
73705
73706
72826
73707
73708
73709
73710
73711
73712
73713
73714
73715
73716
72130
73717
73718
73719
73720
73721
73722
73723
73724
73725
73726
73727
73728
73729
73730
73731
73732
73733
73734
73735
73736
73737
73738
73739
73740
73741
73742
73743
73744
73745
73746
73747
73748
73749
73750
73751
73752
73753
73754
73755
73756
73757
73758
73759
73760
73761
73762
73763
73764
73765
73766
73767
73768
73769
73770
73771
73772
73773
73774
73775
73776
73777
73778
73779
73780
73781
73782
73783
73784
73785
73786
73787
73788
73789
73790
73791
73792
73793
73794
73795
73796
73797
73798
73799
73800
73801
73802
73803
73804
73805
73806
73807
73808
73809
73810
73811
73812
73813
73814
73815
73816
72136
73817
73818
73819
73820
73821
73822
73823
73824
73825
73826
72828
73827
73828
73829
73830
73831
73832
73833
73834
73835
73836
72830
73837
73838
73839
73840
73841
73842
73843
73844
73845
73846
72832
73847
73848
73849
73850
73851
73852
73853
73854
73855
73856
72834
73857
73858
73859
73860
73861
73862
73863
73864
73865
73866
72142
73867
73868
73869
73870
73871
73872
73873
73874
73875
73876
73877
73878
73879
73880
73881
73882
73883
73884
73885
72835
73886
73887
73888
73889
73890
73891
73892
73893
73894
73895
72837
73896
73897
73898
73899
73900
73901
73902
73903
73904
73905
72838
73906
73907
73908
73909
73910
73911
73912
73913
73914
73915
72839
73916
73917
73918
73919
73920
73921
73922
73923
73924
73925
72840
73926
73927
73928
73929
73930
73931
73932
73933
73934
73935
72841
73936
73937
73938
73939
73940
73941
73942
73943
73944
73945
72842
73946
73947
73948
73949
73950
73951
73952
73953
73954
73955
72149
73956
73957
73958
73959
73960
73961
73962
73963
73964
73965
73966
73967
73968
73969
73970
73971
73972
73973
73974
73975
73976
73977
73978
73979
73980
73981
73982
73983
73984
73985
73986
73987
73988
73989
73990
73991
73992
73993
73994
73995
73996
73997
73998
73999
74000
74001
74002
74003
74004
74005
74006
74007
74008
74009
74010
74011
74012
74013
74014
74015
74016
74017
74018
74019
74020
74021
74022
74023
74024
74025
74026
74027
74028
74029
74030
74031
74032
74033
74034
74035
74036
74037
74038
74039
74040
74041
74042
74043
74044
74045
74046
74047
74048
74049
74050
74051
74052
74053
74054
74055
72155
74056
74057
74058
74059
74060
74061
74062
74063
74064
74065
72843
74066
74067
74068
74069
74070
74071
74072
74073
74074
74075
72844
74076
74077
74078
74079
74080
74081
74082
74083
74084
74085
72845
74086
74087
74088
74089
74090
74091
74092
74093
74094
74095
72846
74096
74097
74098
74099
74100
74101
74102
74103
74104
74105
72159
74106
74107
74108
74109
74110
74111
74112
74113
74114
72175
74115
74116
74117
74118
74119
74120
74121
74122
74123
74124
72847
74125
74126
74127
74128
74129
74130
74131
74132
74133
74134
72849
74135
74136
74137
74138
74139
74140
74141
74142
74143
74144
72850
74145
74146
74147
74148
74149
74150
74151
74152
74153
74154
72851
74155
74156
74157
74158
74159
74160
74161
74162
74163
74164
72852
74165
74166
74167
74168
74169
74170
74171
74172
74173
74174
72853
74175
74176
74177
74178
74179
74180
74181
74182
74183
74184
72854
74185
74186
74187
74188
74189
74190
74191
74192
74193
74194
72165
74195
74196
74197
74198
74199
74200
74201
74202
74203
74204
74205
74206
74207
74208
74209
74210
74211
74212
74213
74214
74215
74216
74217
74218
74219
74220
74221
74222
74223
74224
74225
74226
74227
74228
74229
74230
74231
74232
74233
74234
74235
74236
74237
74238
74239
74240
74241
74242
74243
74244
74245
74246
74247
74248
74249
74250
74251
74252
74253
74254
74255
74256
74257
74258
74259
74260
74261
74262
74263
74264
74265
74266
74267
74268
74269
74270
74271
74272
74273
74274
74275
74276
74277
74278
74279
74280
74281
74282
74283
74284
74285
74286
74287
74288
74289
74290
74291
74292
74293
74294
74295
74296
72171
74297
74298
74299
74300
74301
74302
74303
74304
74305
74306
72855
74307
74308
74309
74310
74311
74312
74313
74314
74315
74316
72856
74317
74318
74319
74320
74321
74322
74323
74324
74325
74326
72857
74327
74328
74329
74330
74331
74332
74333
74334
74335
74336
72858
74337
74338
74339
74340
74341
74342
74343
74344
74345
74346
72859
74347
74348
74349
74350
74351
74352
74353
74354
74355
72860
74356
74357
74358
74359
74360
74361
74362
74363
74364
74365
72861
74366
74367
74368
74369
74370
74371
74372
74373
74374
74375
72863
74376
74377
74378
74379
74380
74381
74382
74383
74384
74385
72864
74386
74387
74388
74389
74390
74391
74392
74393
74394
74395
72865
74396
74397
74398
74399
74400
74401
74402
74403
74404
74405
72866
74406
74407
74408
74409
74410
74411
74412
74413
74414
74415
72867
74416
74417
74418
74419
74420
74421
74422
74423
74424
74425
72868
74426
74427
74428
74429
74430
74431
74432
74433
74434
74435
72179
74436
74437
74438
74439
74440
74441
74442
74443
74444
74445
74446
74447
74448
74449
74450
74451
74452
74453
74454
74455
74456
74457
74458
74459
74460
74461
74462
74463
74464
74465
74466
74467
74468
74469
74470
74471
74472
74473
74474
74475
74476
74477
74478
74479
74480
74481
74482
74483
74484
74485
74486
74487
74488
74489
74490
74491
74492
74493
74494
74495
74496
74497
74498
74499
74500
74501
74502
74503
74504
74505
74506
74507
74508
74509
74510
74511
74512
74513
74514
74515
74516
74517
74518
74519
74520
74521
74522
74523
74524
74525
74526
74527
74528
74529
74530
74531
74532
74533
74534
74535
74536
74537
72185
74538
74539
74540
74541
74542
74543
74544
74545
74546
74547
72869
74548
74549
74550
74551
74552
74553
74554
74555
74556
74557
72870
74558
74559
74560
74561
74562
74563
74564
74565
74566
74567
72871
74568
74569
74570
74571
74572
74573
74574
74575
74576
74577
72872
74578
74579
74580
74581
74582
74583
74584
74585
74586
74587
72873
74588
74589
74590
74591
74592
74593
74594
74595
74596
72874
74597
74598
74599
74600
74601
74602
74603
74604
74605
74606
72875
74607
74608
74609
74610
74611
74612
74613
74614
74615
74616
72877
74617
74618
74619
74620
74621
74622
74623
74624
74625
74626
72878
74627
74628
74629
74630
74631
74632
74633
74634
74635
74636
72879
74637
74638
74639
74640
74641
74642
74643
74644
74645
74646
72880
74647
74648
74649
74650
74651
74652
74653
74654
74655
74656
72881
74657
74658
74659
74660
74661
74662
74663
74664
74665
74666
72882
74667
74668
74669
74670
74671
74672
74673
74674
74675
74676
72189
74677
74678
74679
74680
74681
74682
74683
74684
74685
74686
74687
74688
74689
74690
74691
74692
74693
74694
74695
74696
74697
74698
74699
74700
74701
74702
74703
74704
74705
74706
74707
74708
74709
74710
74711
74712
74713
74714
74715
74716
74717
74718
74719
74720
74721
74722
74723
74724
74725
74726
74727
74728
74729
74730
74731
74732
74733
74734
74735
74736
74737
74738
74739
74740
74741
74742
74743
74744
74745
74746
74747
74748
74749
74750
74751
74752
74753
74754
74755
74756
74757
74758
74759
74760
74761
74762
74763
74764
74765
74766
74767
74768
74769
74770
74771
74772
74773
74774
74775
74776
74777
74778
72195
74779
74780
74781
74782
74783
74784
74785
74786
74787
74788
72883
74789
74790
74791
74792
74793
74794
74795
74796
74797
74798
72884
74799
74800
74801
74802
74803
74804
74805
74806
74807
74808
72885
74809
74810
74811
74812
74813
74814
74815
74816
74817
74818
72886
74819
74820
74821
74822
74823
74824
74825
74826
74827
74828
72887
74829
74830
74831
74832
74833
74834
74835
74836
74837
72888
74838
74839
74840
74841
74842
74843
74844
74845
74846
74847
72889
74848
74849
74850
74851
74852
74853
74854
74855
74856
74857
72891
74858
74859
74860
74861
74862
74863
74864
74865
74866
74867
72892
74868
74869
74870
74871
74872
74873
74874
74875
74876
74877
72893
74878
74879
74880
74881
74882
74883
74884
74885
74886
74887
72894
74888
74889
74890
74891
74892
74893
74894
74895
74896
74897
72895
74898
74899
74900
74901
74902
74903
74904
74905
74906
74907
72896
74908
74909
74910
74911
74912
74913
74914
74915
74916
74917
72199
74918
74919
74920
74921
74922
74923
74924
74925
74926
74927
74928
74929
74930
74931
74932
74933
74934
74935
74936
74937
74938
74939
74940
74941
74942
74943
74944
74945
74946
74947
74948
74949
74950
74951
74952
74953
74954
74955
74956
74957
74958
74959
74960
74961
74962
74963
74964
74965
74966
74967
74968
74969
74970
74971
74972
74973
74974
74975
74976
74977
74978
74979
74980
74981
74982
74983
74984
74985
74986
74987
74988
74989
74990
74991
74992
74993
74994
74995
74996
74997
74998
74999
75000
75001
75002
75003
75004
75005
75006
75007
75008
75009
75010
75011
75012
75013
75014
75015
75016
75017
75018
75019
72205
75020
75021
75022
75023
75024
75025
75026
75027
75028
75029
72897
75030
75031
75032
75033
75034
75035
75036
75037
75038
75039
72898
75040
75041
75042
75043
75044
75045
75046
75047
75048
75049
72899
75050
75051
75052
75053
75054
75055
75056
75057
75058
75059
72900
75060
75061
75062
75063
75064
75065
75066
75067
75068
75069
72901
75070
75071
75072
75073
75074
75075
75076
75077
75078
72902
75079
75080
75081
75082
75083
75084
75085
75086
75087
75088
72903
75089
75090
75091
75092
75093
75094
75095
75096
75097
75098
72905
75099
75100
75101
75102
75103
75104
75105
75106
75107
75108
72906
75109
75110
75111
75112
75113
75114
75115
75116
75117
75118
72907
75119
75120
75121
75122
75123
75124
75125
75126
75127
75128
72908
75129
75130
75131
75132
75133
75134
75135
75136
75137
75138
72909
75139
75140
75141
75142
75143
75144
75145
75146
75147
75148
72910
75149
75150
75151
75152
75153
75154
75155
75156
75157
75158
72209
75159
75160
75161
75162
75163
75164
75165
75166
75167
75168
75169
75170
75171
75172
75173
75174
75175
75176
75177
75178
75179
75180
75181
75182
75183
75184
75185
75186
75187
75188
75189
75190
75191
75192
75193
75194
75195
75196
75197
75198
75199
75200
75201
75202
75203
75204
75205
75206
75207
75208
75209
75210
75211
75212
75213
75214
75215
75216
75217
75218
75219
75220
75221
75222
75223
75224
75225
75226
75227
75228
75229
75230
75231
75232
75233
75234
75235
75236
75237
75238
75239
75240
75241
75242
75243
75244
75245
75246
75247
75248
75249
75250
75251
75252
75253
75254
75255
75256
75257
75258
75259
75260
72215
75261
75262
75263
75264
75265
75266
75267
75268
75269
75270
72911
75271
75272
75273
75274
75275
75276
75277
75278
75279
75280
72912
75281
75282
75283
75284
75285
75286
75287
75288
75289
75290
72913
75291
75292
75293
75294
75295
75296
75297
75298
75299
75300
72914
75301
75302
75303
75304
75305
75306
75307
75308
75309
75310
72915
75311
75312
75313
75314
75315
75316
75317
75318
75319
72916
75320
75321
75322
75323
75324
75325
75326
75327
75328
75329
72917
75330
75331
75332
75333
75334
75335
75336
75337
75338
75339
72919
75340
75341
75342
75343
75344
75345
75346
75347
75348
75349
72920
75350
75351
75352
75353
75354
75355
75356
75357
75358
75359
72921
75360
75361
75362
75363
75364
75365
75366
75367
75368
75369
72922
75370
75371
75372
75373
75374
75375
75376
75377
75378
75379
72923
75380
75381
75382
75383
75384
75385
75386
75387
75388
75389
72924
75390
75391
75392
75393
75394
75395
75396
75397
75398
75399
72219
75400
75401
75402
75403
75404
75405
75406
75407
75408
75409
75410
75411
75412
75413
75414
75415
75416
75417
75418
75419
75420
75421
75422
75423
75424
75425
75426
75427
75428
75429
75430
75431
75432
75433
75434
75435
75436
75437
75438
75439
75440
75441
75442
75443
75444
75445
75446
75447
75448
75449
75450
75451
75452
75453
75454
75455
75456
75457
75458
75459
75460
75461
75462
75463
75464
75465
75466
75467
75468
75469
75470
75471
75472
75473
75474
75475
75476
75477
75478
75479
75480
75481
75482
75483
75484
75485
75486
75487
75488
75489
75490
75491
75492
75493
75494
75495
75496
75497
75498
75499
72225
75500
75501
75502
75503
75504
75505
75506
75507
75508
75509
72925
75510
75511
75512
75513
75514
75515
75516
75517
75518
75519
72926
75520
75521
75522
75523
75524
75525
75526
75527
75528
75529
72927
75530
75531
75532
75533
75534
75535
75536
75537
75538
75539
72928
75540
75541
75542
75543
75544
75545
75546
75547
75548
75549
72929
75550
75551
75552
75553
75554
75555
75556
75557
75558
72930
75559
75560
75561
75562
75563
75564
75565
75566
75567
75568
72931
75569
75570
75571
75572
75573
75574
75575
75576
75577
75578
72933
75579
75580
75581
75582
75583
75584
75585
75586
75587
75588
72934
75589
75590
75591
75592
75593
75594
75595
75596
75597
75598
72935
75599
75600
75601
75602
75603
75604
75605
75606
75607
75608
72936
75609
75610
75611
75612
75613
75614
75615
75616
75617
75618
72937
75619
75620
75621
75622
75623
75624
75625
75626
75627
75628
72938
75629
75630
75631
75632
75633
75634
75635
75636
75637
75638
72229
75639
75640
75641
75642
75643
75644
75645
75646
75647
75648
75649
75650
75651
75652
75653
75654
75655
75656
75657
75658
75659
75660
75661
75662
75663
75664
75665
75666
75667
75668
75669
75670
75671
75672
75673
75674
75675
75676
75677
75678
75679
75680
75681
75682
75683
75684
75685
75686
75687
75688
75689
75690
75691
75692
75693
75694
75695
75696
75697
75698
75699
75700
75701
75702
75703
75704
75705
75706
75707
75708
75709
75710
75711
75712
75713
75714
75715
75716
75717
75718
75719
75720
75721
75722
75723
75724
75725
75726
75727
75728
75729
75730
75731
75732
75733
75734
75735
75736
75737
75738
72242
75739
75740
75741
75742
75743
75744
75745
75746
75747
75748
72939
75749
75750
75751
75752
75753
75754
75755
75756
75757
75758
72940
75759
75760
75761
75762
75763
75764
75765
75766
75767
75768
72941
75769
75770
75771
75772
75773
75774
75775
75776
75777
75778
72942
75779
75780
75781
75782
75783
75784
75785
75786
75787
75788
72244
75789
75790
75791
75792
75793
75794
75795
75796
75797
72248
75798
75799
75800
75801
75802
75803
75804
75805
75806
72943
75807
75808
75809
75810
75811
75812
75813
75814
75815
75816
72945
75817
75818
75819
75820
75821
75822
75823
75824
75825
72946
75826
75827
75828
75829
75830
75831
75832
75833
75834
72947
75835
75836
75837
75838
75839
75840
75841
75842
75843
72948
75844
75845
75846
75847
75848
75849
75850
75851
75852
72949
75853
75854
75855
75856
75857
75858
75859
75860
75861
72950
75862
75863
75864
75865
75866
75867
75868
75869
75870
72252
75871
75872
75873
75874
75875
75876
75877
75878
75879
75880
75881
75882
75883
75884
75885
75886
75887
75888
75889
75890
75891
75892
75893
75894
75895
75896
75897
75898
75899
75900
75901
75902
75903
75904
75905
75906
75907
75908
75909
75910
75911
75912
75913
75914
75915
75916
75917
75918
75919
75920
75921
75922
75923
75924
75925
75926
75927
75928
75929
75930
75931
75932
75933
75934
75935
75936
75937
75938
75939
75940
75941
75942
75943
75944
75945
75946
75947
75948
75949
75950
75951
75952
75953
75954
75955
75956
75957
75958
75959
75960
75961
75962
75963
72274
75964
75965
75966
75967
75968
75969
75970
75971
75972
72951
75973
75974
75975
75976
75977
75978
75979
75980
75981
72952
75982
75983
75984
75985
75986
75987
75988
75989
75990
72953
75991
75992
75993
75994
75995
75996
75997
75998
75999
76000
72954
76001
76002
76003
76004
76005
76006
76007
76008
76009
72278
76010
76011
76012
76013
76014
76015
76016
76017
76018
76019
76020
76021
71348
76022
71358
76023
71151
76024
71160
76025
71169
76026
71405
76027
76028
76029
76030
76031
72282
76032
76033
76034
76035
76036
76037
76038
76039
76040
76041
76042
76043
76044
76045
72146
71412
72301
76046
71425
72309
76047
71438
71758
76048
71451
71806
76049
71464
71858
76050
71477
71905
76051
72319
71932
76052
72327
71958
76053
76054
76055
76056
72340
72256
76057
72265
71303
71312
71321
71330
71339
76058
72018
76059
76060
76061
76062
76063
76064
76065
76066
76067
76068
76069
76070
76071
76072
76073
76074
76075
76076
76077
76078
76079
76080
76081
76082
76083
76084
76085
76086
76087
76088
76089
76090
76091
76092
71536
76093
76094
76095
76096
76097
71659
76098
76099
76100
76101
76102
71155
76103
76104
76105
76106
76107
71164
76108
76109
76110
76111
76112
71173
76113
76114
76115
76116
76117
71395
76118
76119
76120
76121
76122
76123
76124
76125
76126
76127
76128
76129
76130
76131
76132
76133
76134
76135
76136
76137
76138
76139
76140
72135
76141
72133
76142
76143
76144
76145
76146
76147
76148
76149
76150
76151
76152
76153
76154
76155
76156
76157
76158
76159
76160
76161
76162
76163
76164
76165
76166
76167
76168
76169
76170
76171
76172
76173
76174
76175
76176
76177
76178
72139
76179
76180
72141
76181
76182
76183
76184
76185
76186
76187
76188
76189
76190
76191
76192
76193
76194
76195
76196
76197
76198
76199
76200
76201
76202
76203
76204
76205
76206
76207
76208
76209
71668
76210
76211
76212
76213
76214
71182
76215
76216
76217
76218
76219
71368
76220
76221
76222
76223
71379
76224
76225
76226
76227
71390
76228
76229
76230
76231
71402
76232
76233
76234
76235
76236
76237
76238
76239
76240
76241
76242
76243
76244
76245
76246
76247
76248
76249
76250
76251
72137
76252
72153
76253
76254
76255
76256
76257
76258
76259
76260
76261
76262
76263
76264
76265
76266
76267
76268
76269
76270
76271
76272
76273
76274
76275
76276
76277
76278
76279
76280
76281
76282
76283
72143
76284
76285
76286
76287
76288
76289
76290
76291
76292
76293
72802
71694
76294
76295
71191
76296
76297
76298
76299
72156
76300
72169
76301
76302
76303
76304
76305
71720
76306
76307
71204
76308
71551
76309
76310
72172
76311
72183
76312
76313
76314
76315
76316
71746
76317
76318
71222
76319
71561
76320
76321
72186
76322
72193
76323
76324
76325
76326
76327
71794
76328
76329
71240
76330
71576
76331
76332
72196
76333
72203
76334
76335
76336
76337
76338
71846
76339
76340
71258
76341
71591
76342
76343
72206
76344
72213
76345
76346
76347
76348
76349
72359
76350
76351
71276
76352
71606
76353
76354
72216
76355
72223
76356
76357
76358
76359
76360
72363
76361
76362
72233
76363
71621
76364
76365
72226
76366
72240
76367
76368
76369
76370
76371
76372
76373
76374
76375
76376
76377
76378
76379
76380
76381
76382
76383
76384
76385
76386
76387
76388
76389
72367
76390
76391
72260
76392
76393
76394
76395
76396
76397
76398
72268
76399
76400
76401
76402
76403
71307
76404
76405
71316
76406
76407
71325
76408
76409
71334
76410
76411
71343
76412
76413
76414
76415
76416
76417
76418
71530
76419
76420
76421
76422
76423
72243
76424
72272
76425
76426
76427
76428
76429
76430
76431
76432
76433
76434
76435
76436
76437
76438
76439
76440
76441
76442
76443
76444
76445
76446
76447
76448
76449
76450
76451
76452
76453
76454
76455
76456
76457
76458
76459
76460
76461
76462
76463
76464
76465
76466
76467
76468
76469
76470
76471
76472
76473
76474
76475
76476
76477
76478
76479
76480
76481
76482
76483
76484
76485
72372
76486
76487
76488
76489
72659
76490
76491
76492
72351
76493
76494
76495
72356
76496
76497
76498
71985
76499
76500
76501
72082
76502
76503
76504
76505
71513
76506
76507
76508
71525
76509
76510
76511
76512
76513
76514
76515
72275
76516
76517
76518
76519
76520
76521
76522
76523
76524
76525
76526
76527
76528
76529
76530
76531
76532
76533
76534
76535
76536
76537
76538
76539
76540
76541
72279
76542
76543
76544
76545
76546
76547
76548
76549
76550
76551
76552
76553
76554
76555
76556
76557
76558
76559
76560
76561
76562
76563
76564
76565
76566
76567
76568
76569
76570
71540
76571
76572
76573
76574
71355
71356
76575
76576
76577
76578
71158
71186
76579
76580
76581
76582
71167
71377
76583
76584
76585
76586
71176
71388
76587
76588
76589
76590
71178
71400
76591
76592
76593
76594
76595
71409
76596
76597
76598
76599
76600
76601
76602
76603
76604
76605
76606
76607
76608
76609
76610
76611
72134
72287
76612
76613
76614
76615
76616
76617
76618
76619
76620
76621
76622
76623
76624
76625
76626
76627
76628
76629
76630
76631
76632
76633
76634
72140
76635
76636
76637
76638
76639
76640
76641
76642
76643
76644
76645
76646
76647
76648
76649
76650
76651
76652
72161
71688
76653
71188
71423
76654
76655
72154
72305
76656
76657
76658
71714
76659
71195
71436
76660
76661
72170
72313
76662
76663
76664
71740
76665
71208
71449
71555
76666
72184
71775
76667
76668
76669
71788
76670
71226
71462
71570
76671
72194
71827
76672
76673
76674
71840
76675
71244
71475
71585
76676
72204
71879
76677
76678
76679
71892
76680
71262
71488
71600
76681
72214
71926
76682
76683
76684
72360
76685
71280
72325
71615
76686
72224
71953
76687
76688
76689
76690
76691
76692
72364
76693
72236
72338
72263
76694
71496
71310
71319
71328
71337
71630
71346
76695
76696
72241
71979
76697
76698
76699
76700
76701
76702
76703
76704
76705
76706
76707
76708
76709
76710
76711
76712
76713
76714
76715
76716
76717
76718
76719
76720
76721
76722
76723
72368
76724
76725
72264
72650
76726
76727
76728
72271
76729
76730
76731
76732
76733
76734
71311
72354
76735
76736
71320
71992
76737
76738
71329
76739
76740
76741
71338
71516
76742
76743
71347
71523
76744
76745
76746
71534
72014
76747
76748
76749
76750
76751
72273
72035
76752
76753
76754
76755
76756
76757
76758
76759
76760
76761
76762
76763
76764
76765
76766
76767
76768
76769
76770
76771
76772
76773
76774
76775
76776
76777
76778
76779
76780
76781
76782
76783
76784
72112
76785
76786
76787
76788
76789
76790
76791
76792
76793
76794
76795
76796
76797
76798
76799
76800
76801
76802
76803
76804
76805
76806
76807
76808
76809
76810
76811
76812
76813
76814
76815
76816
76817
71363
71159
71168
71177
76818
76819
76820
72281
72144
76821
76822
76823
76824
76825
76826
76827
76828
76829
71542
76830
76831
76832
76833
76834
76835
76836
76837
76838
76839
76840
76841
76842
76843
76844
72152
76845
72168
71545
72182
71213
72192
71231
72202
71249
72212
71267
72222
71285
72232
71294
76846
76847
76848
76849
76850
76851
72255
76852
76853
76854
76855
76856
76857
76858
76859
76860
76861
76862
76863
76864
76865
76866
72280
76867
76868
76869
76870
76871
76872
76873
76874
76875
76876
76877
76878
76879
76880
76881
76882
76883
76884
72393
72409
76885
76886
76887
76888
76889
76890
76891
76892
76893
76894
76895
76896
76897
76898
76899
76900
76901
76902
76903
76904
76905
76906
76907
76908
76909
72424
72441
72453
76910
76911
72475
72487
76912
76913
72507
76914
76915
76916
76917
76918
76919
76920
76921
76922
76923
76924
76925
76926
76927
76928
76929
76930
76931
76932
76933
76934
76935
76936
76937
76938
76939
76940
76941
76942
76943
76944
76945
76946
76947
76948
76949
72127
76950
76951
72129
76952
76953
76954
76955
76956
76957
76958
76959
76960
72710
76961
76962
76963
76964
76965
76966
76967
76968
76969
76970
76971
76972
76973
76974
76975
72131
76976
76977
72148
76978
72716
72150
76979
76980
72164
76981
76982
76983
72734
72166
76984
76985
72178
71217
76986
76987
72097
72180
76988
76989
72188
71235
76990
76991
72190
76992
76993
72198
71253
76994
76995
72200
76996
76997
72208
71271
76998
76999
72210
77000
77001
72218
71289
77002
77003
72220
77004
77005
72228
71298
77006
77007
77008
77009
77010
77011
77012
77013
77014
77015
77016
77017
77018
77019
77020
77021
77022
77023
77024
77025
77026
77027
77028
77029
77030
77031
72230
77032
77033
72251
77034
77035
77036
77037
77038
77039
77040
77041
77042
77043
77044
77045
77046
77047
77048
77049
77050
77051
77052
77053
77054
77055
77056
77057
77058
77059
77060
77061
77062
77063
77064
77065
77066
77067
77068
77069
77070
77071
77072
77073
77074
77075
77076
77077
77078
77079
77080
77081
77082
77083
72247
77084
77085
72245
72277
77086
77087
77088
77089
77090
77091
77092
72249
77093
77094
77095
77096
77097
77098
77099
77100
77101
77102
72253
77103
77104
77105
77106
77107
77108
77109
77110
77111
77112
77113
77114
77115
77116
77117
77118
77119
77120
77121
77122
77123
77124
77125
77126
77127
77128
77129
77130
77131
77132
77133
77134
77135
77136
77137
77138
77139
77140
77141
77142
77143
77144
77145
77146
77147
77148
77149
77150
77151
77152
77153
77154
77155
77156
77157
77158
77159
77160
77161
77162
77163
77164
77165
77166
77167
77168
77169
77170
77171
77172
77173
77174
71650
71349
71351
71653
77175
77176
77177
77178
77179
77180
77181
77182
77183
77184
77185
77186
77187
77188
77189
77190
77191
77192
77193
77194
77195
77196
77197
77198
77199
77200
77201
77202
77203
77204
77205
77206
77207
72284
72288
72283
77208
77209
77210
77211
77212
77213
77214
77215
77216
77217
77218
77219
77220
77221
77222
77223
77224
77225
77226
77227
77228
77229
77230
77231
77232
77233
77234
77235
77236
77237
77238
77239
77240
77241
77242
77243
77244
77245
77246
77247
77248
77249
77250
77251
77252
77253
77254
77255
77256
77257
77258
77259
77260
77261
77262
77263
77264
77265
77266
72292
77267
72145
71414
71690
71419
72302
77268
72303
72306
77269
77270
77271
77272
71427
71716
71432
72310
77273
72311
72314
77274
77275
77276
77277
71440
71742
71445
72317
71759
71762
71767
77278
77279
77280
77281
71453
71790
71458
71810
71807
71819
77282
77283
77284
77285
71466
71842
71471
71862
71859
71871
77286
77287
77288
77289
71479
71894
71484
71909
71906
71918
77290
77291
77292
77293
71491
72568
72322
71936
71933
71945
77294
77295
77296
77297
72329
72602
72334
71962
71959
71971
77298
77299
77300
77301
77302
77303
77304
77305
72342
72636
72344
72656
72257
72347
72666
77306
77307
77308
72266
71498
72349
71304
71500
71502
71313
71993
71509
71512
71331
71518
71520
71529
72003
77309
77310
77311
72022
72019
72030
77312
77313
77314
77315
77316
77317
77318
77319
77320
77321
77322
77323
77324
77325
77326
77327
77328
77329
77330
77331
77332
77333
77334
77335
77336
77337
77338
77339
77340
77341
77342
77343
77344
77345
77346
77347
77348
77349
77350
77351
77352
77353
77354
77355
77356
77357
77358
77359
77360
77361
77362
77363
77364
77365
77366
77367
77368
77369
77370
77371
77372
77373
77374
77375
77376
77377
77378
77379
77380
77381
77382
71537
71643
77383
77384
77385
77386
77387
71664
77388
77389
77390
77391
77392
77393
77394
77395
77396
77397
77398
77399
77400
77401
77402
77403
77404
77405
77406
77407
77408
77409
77410
77411
77412
77413
77414
77415
77416
77417
77418
77419
77420
77421
77422
77423
77424
77425
72286
72714
77426
77427
77428
77429
77430
77431
77432
77433
77434
77435
77436
77437
77438
77439
77440
77441
77442
77443
77444
77445
77446
77447
77448
77449
77450
77451
77452
77453
77454
77455
77456
77457
77458
77459
77460
77461
77462
77463
77464
77465
77466
77467
77468
77469
77470
77471
77472
77473
77474
77475
77476
77477
77478
77479
77480
77481
77482
72293
77483
77484
77485
77486
77487
77488
77489
77490
77491
77492
77493
77494
77495
77496
77497
77498
77499
77500
77501
71669
71672
71684
77502
77503
77504
72290
72732
77505
77506
71695
71698
71710
77507
77508
77509
72308
72742
77510
77511
71721
71724
71736
77512
77513
71553
72316
77514
77515
71747
71750
71784
71564
71776
71568
77516
77517
71795
71798
71836
71579
71828
71583
77518
77519
71847
71850
71888
71594
71880
71598
77520
77521
71900
72547
72361
71609
71927
71613
77522
77523
72362
72575
72365
71624
71954
71628
77524
77525
77526
77527
77528
72366
72609
72369
77529
71637
71980
71532
77530
77531
77532
77533
77534
77535
77536
77537
77538
77539
77540
77541
77542
77543
77544
77545
77546
77547
77548
77549
77550
77551
77552
77553
77554
77555
77556
77557
77558
77559
77560
77561
77562
77563
77564
77565
77566
77567
77568
77569
77570
77571
77572
77573
77574
72371
72644
77575
77576
77577
72663
72665
77578
77579
77580
77581
72352
72684
72353
77582
77583
77584
77585
71504
72357
72358
77586
77587
77588
71989
71991
77589
77590
77591
77592
77593
77594
77595
77596
71515
71514
71522
77597
77598
71527
71526
77599
77600
77601
72010
77602
72036
77603
77604
77605
77606
77607
77608
77609
77610
77611
77612
77613
77614
77615
77616
77617
77618
77619
77620
77621
77622
77623
77624
77625
77626
77627
77628
77629
77630
77631
77632
77633
77634
77635
77636
77637
77638
77639
77640
77641
77642
77643
77644
77645
77646
77647
77648
77649
77650
77651
77652
77653
72116
77654
77655
77656
77657
77658
77659
77660
77661
77662
77663
77664
77665
77666
77667
77668
77669
77670
77671
77672
77673
77674
77675
77676
77677
77678
77679
77680
77681
77682
77683
77684
72128
77685
77686
77687
77688
77689
72151
77690
77691
77692
77693
71645
77694
77695
77696
77697
77698
77699
77700
77701
77702
77703
77704
77705
77706
77707
77708
77709
77710
77711
77712
77713
77714
77715
77716
77717
77718
77719
77720
77721
77722
77723
77724
77725
77726
77727
77728
77729
77730
77731
77732
77733
77734
77735
77736
77737
77738
77739
77740
77741
77742
77743
77744
77745
77746
77747
77748
77749
77750
77751
77752
77753
77754
77755
77756
77757
77758
77759
72147
77760
72167
71683
77761
77762
77763
72730
72736
77764
77765
72163
77766
72181
71709
71200
77767
71220
72740
72745
77768
77769
72177
77770
72191
71735
71221
77771
71238
77772
77773
72187
77774
72201
71783
71239
77775
71256
71809
77776
72197
77777
72211
71835
71257
77778
71274
71861
77779
72207
77780
72221
71887
71275
77781
71292
71908
77782
72217
77783
72231
72563
71293
77784
71301
71935
77785
77786
77787
77788
77789
77790
72227
77791
77792
72254
77793
72596
77794
77795
77796
77797
77798
71302
77799
77800
71961
77801
77802
77803
77804
77805
77806
77807
77808
77809
72246
77810
77811
77812
77813
77814
77815
77816
77817
77818
77819
77820
77821
77822
77823
77824
77825
77826
77827
77828
77829
77830
77831
72250
77832
77833
77834
77835
77836
77837
72370
77838
77839
77840
77841
77842
72630
77843
77844
77845
77846
77847
77848
77849
77850
77851
77852
77853
77854
77855
77856
77857
77858
77859
77860
77861
77862
77863
77864
77865
77866
77867
77868
77869
77870
72021
77871
77872
77873
77874
77875
77876
77877
77878
77879
77880
77881
77882
77883
77884
77885
77886
77887
77888
77889
77890
77891
77892
72276
77893
77894
77895
77896
77897
77898
77899
77900
77901
77902
77903
77904
77905
77906
77907
77908
77909
77910
77911
77912
77913
77914
72373
77915
77916
77917
77918
77919
77920
77921
77922
77923
77924
77925
77926
77927
77928
77929
77930
77931
77932
77933
77934
77935
77936
77937
77938
77939
77940
77941
77942
77943
71655
71670
77944
77945
77946
77947
77948
77949
77950
77951
77952
77953
77954
77955
77956
77957
72712
72718
77958
77959
72285
72391
77960
72289
72417
77961
77962
77963
77964
77965
77966
77967
77968
77969
77970
77971
77972
77973
77974
77975
77976
77977
77978
77979
77980
77981
77982
77983
77984
77985
77986
77987
77988
77989
77990
77991
77992
77993
77994
77995
77996
77997
77998
77999
78000
78001
78002
78003
78004
78005
78006
78007
78008
78009
78010
78011
78012
78013
78014
78015
78016
78017
78018
72291
78019
78020
72423
71696
72304
72439
78021
72307
72461
78022
78023
78024
78025
78026
71722
72312
72473
78027
72315
72494
78028
78029
78030
78031
78032
71748
72318
71761
71768
78033
78034
78035
78036
78037
71796
71820
78038
78039
78040
78041
78042
71848
71872
78043
78044
78045
78046
78047
71899
71919
78048
78049
78050
78051
78052
72573
71946
78053
78054
78055
78056
78057
72607
71972
78058
78059
78060
78061
78062
78063
78064
78065
78066
78067
78068
78069
78070
78071
72642
72658
72668
72680
78072
78073
78074
78075
72350
72355
71503
71984
71995
71511
71521
71524
72001
78076
78077
78078
78079
72031
78080
78081
78082
78083
78084
78085
78086
78087
78088
78089
78090
78091
78092
78093
78094
78095
78096
78097
78098
78099
78100
78101
78102
78103
78104
78105
78106
78107
78108
78109
78110
78111
78112
78113
78114
78115
78116
78117
78118
78119
78120
78121
78122
78123
78124
78125
78126
78127
78128
78129
78130
78131
78132
78133
78134
78135
78136
78137
78138
78139
78140
78141
71544
78142
78143
78144
78145
78146
78147
78148
78149
78150
78151
78152
78153
78154
78155
78156
78157
78158
78159
78160
78161
78162
78163
78164
78165
78166
78167
78168
78169
78170
78171
78172
78173
78174
78175
78176
78177
78178
78179
78180
78181
78182
72401
78183
72429
78184
78185
78186
78187
78188
78189
78190
78191
78192
78193
78194
78195
78196
78197
78198
78199
78200
78201
78202
78203
78204
78205
78206
78207
78208
78209
78210
78211
78212
78213
78214
78215
78216
78217
78218
78219
78220
78221
78222
78223
78224
78225
78226
78227
78228
78229
78230
78231
78232
78233
78234
78235
78236
78237
78238
78239
78240
78241
78242
78243
78244
78245
78246
78247
78248
78249
78250
78251
78252
78253
78254
78255
78256
78257
78258
78259
78260
78261
78262
78263
78264
78265
78266
78267
78268
78269
78270
78271
71190
78272
78273
78274
78275
71197
78276
78277
78278
78279
71210
78280
78281
78282
78283
71228
78284
78285
78286
78287
71246
78288
78289
78290
78291
71264
78292
78293
78294
78295
71282
78296
78297
78298
78299
72238
78300
78301
78302
78303
78304
78305
78306
78307
78308
78309
78310
78311
78312
78313
78314
78315
78316
78317
78318
78319
78320
78321
78322
78323
78324
78325
72062
78326
78327
78328
78329
78330
78331
78332
78333
78334
78335
78336
78337
78338
78339
78340
78341
78342
78343
78344
78345
78346
78347
78348
78349
78350
78351
78352
78353
78354
78355
78356
78357
78358
78359
78360
78361
78362
78363
78364
78365
78366
78367
78368
78369
78370
78371
78372
78373
78374
78375
78376
78377
78378
78379
78380
78381
78382
78383
78384
78385
78386
78387
78388
78389
78390
78391
78392
78393
78394
78395
78396
78397
78398
78399
78400
78401
78402
78403
78404
78405
78406
78407
78408
78409
78410
78411
78412
78413
78414
78415
78416
78417
78418
78419
78420
78421
78422
78423
78424
78425
78426
78427
78428
78429
78430
78431
78432
78433
78434
78435
78436
78437
78438
78439
78440
78441
78442
72096
78443
78444
78445
78446
78447
78448
78449
78450
78451
78452
78453
78454
78455
78456
78457
78458
78459
78460
78461
78462
78463
78464
78465
78466
78467
78468
78469
78470
78471
78472
78473
78474
78475
78476
78477
78478
78479
78480
78481
78482
78483
72118
78484
78485
78486
78487
78488
78489
78490
78491
78492
78493
72379
72383
72385
72387
72388
72390
78494
78495
78496
78497
78498
78499
78500
78501
72400
72406
72416
72420
78502
78503
78504
78505
78506
78507
78508
78509
78510
78511
78512
78513
78514
78515
78516
78517
78518
78519
78520
78521
78522
78523
78524
78525
78526
78527
78528
72756
72434
72435
72436
72438
72446
72452
72460
72464
78529
78530
72468
72469
72470
72472
72480
72486
72493
72497
78531
78532
72501
72502
72503
72505
72510
72514
72516
72517
78533
78534
72519
72520
72521
72523
72524
72526
72528
72529
78535
78536
72531
72532
72533
72535
72536
72538
72540
72541
78537
78538
72543
72544
72545
72551
72552
72554
72556
72557
78539
78540
72561
72566
72572
72584
72585
72587
72589
72590
78541
78542
72594
72600
72606
72618
72619
72621
72623
72624
78543
78544
78545
72628
72634
72641
72655
72673
72679
72689
78546
72691
72695
72699
72701
78547
72702
72704
72706
72707
78548
78549
78550
78551
78552
78553
78554
78555
78556
78557
78558
78559
78560
78561
78562
78563
78564
78565
78566
78567
78568
78569
78570
78571
78572
78573
78574
78575
78576
78577
78578
78579
78580
78581
78582
78583
78584
78585
78586
78587
78588
78589
78590
78591
78592
78593
78594
78595
78596
78597
78598
78599
78600
78601
72060
78602
78603
78604
78605
78606
78607
78608
78609
78610
78611
78612
78613
78614
78615
78616
78617
78618
78619
78620
78621
78622
78623
78624
78625
78626
78627
78628
78629
78630
78631
78632
78633
78634
78635
78636
78637
78638
78639
78640
78641
78642
78643
78644
78645
78646
78647
78648
78649
78650
78651
78652
78653
78654
78655
78656
78657
78658
78659
78660
78661
78662
78663
78664
78665
78666
78667
78668
78669
78670
78671
78672
78673
78674
78675
78676
78677
78678
78679
78680
78681
78682
78683
78684
78685
78686
78687
78688
78689
78690
78691
78692
78693
78694
78695
78696
78697
78698
78699
78700
78701
78702
78703
78704
78705
78706
78707
78708
78709
78710
78711
78712
78713
78714
78715
78716
78717
78718
78719
78720
78721
78722
78723
78724
78725
78726
78727
78728
78729
78730
78731
78732
78733
78734
78735
78736
78737
78738
78739
78740
78741
78742
78743
78744
78745
78746
78747
78748
78749
78750
78751
78752
78753
78754
78755
78756
78757
78758
78759
78760
78761
78762
78763
78764
78765
78766
78767
78768
78769
78770
78771
78772
78773
78774
78775
78776
78777
78778
78779
78780
78781
78782
78783
78784
78785
78786
78787
78788
78789
78790
78791
78792
78793
78794
78795
78796
78797
78798
78799
78800
78801
78802
78803
78804
78805
78806
78807
78808
78809
78810
78811
78812
78813
78814
78815
78816
78817
78818
78819
78820
78821
78822
78823
78824
78825
78826
78827
78828
78829
78830
78831
78832
78833
78834
78835
78836
78837
78838
78839
78840
78841
78842
78843
78844
78845
78846
78847
78848
78849
78850
78851
78852
78853
78854
78855
78856
78857
78858
78859
78860
78861
78862
78863
78864
78865
78866
78867
78868
78869
78870
78871
78872
78873
78874
78875
78876
78877
78878
78879
78880
78881
78882
78883
78884
78885
78886
78887
78888
78889
78890
78891
78892
78893
78894
78895
78896
78897
78898
78899
78900
71640
71352
71642
71366
71361
71359
71152
71372
71154
71161
71383
71163
71170
71394
71172
71181
72064
78901
78902
78903
78904
78905
78906
78907
78908
78909
78910
78911
78912
78913
71416
71413
78914
71680
71420
78915
78916
71429
71426
78917
71706
71433
78918
78919
71442
71439
78920
71732
71446
78921
78922
71455
71452
78923
71780
71459
78924
78925
71468
71465
78926
71832
71472
78927
78928
71481
71478
78929
71884
71485
78930
78931
71493
72320
78932
72558
72323
78933
78934
72331
72328
78935
72591
72335
78936
78937
78938
78939
78940
78941
78942
78943
78944
78945
72341
78946
72625
72639
78947
78948
78949
71506
71322
71342
71340
78950
78951
78952
78953
78954
78955
78956
78957
78958
78959
78960
78961
78962
78963
78964
78965
78966
78967
78968
78969
72059
71662
71660
78970
78971
78972
78973
71157
71362
71156
78974
71166
71373
71165
78975
71175
71384
71174
78976
71179
71396
78977
78978
78979
78980
78981
78982
78983
78984
78985
78986
78987
78988
78989
78990
78991
78992
72398
78993
78994
78995
78996
78997
78998
78999
79000
79001
79002
79003
79004
79005
79006
79007
79008
79009
79010
79011
79012
79013
79014
79015
79016
79017
79018
79019
71354
71353
71185
79020
79021
72414
79022
79023
79024
79025
79026
79027
79028
79029
79030
79031
79032
79033
79034
71422
71421
71194
79035
72458
79036
79037
79038
79039
79040
79041
79042
79043
79044
79045
79046
79047
79048
79049
71435
71434
71207
71763
79050
79051
71552
71550
79052
79053
79054
79055
79056
79057
79058
79059
79060
79061
71448
71447
71225
71773
71565
79062
71567
71562
79063
79064
79065
79066
79067
79068
79069
79070
79071
79072
71461
71460
71243
71825
71580
79073
71582
71577
79074
79075
79076
79077
79078
79079
79080
79081
79082
79083
71474
71473
71261
71877
71595
79084
71597
71592
79085
79086
79087
79088
79089
79090
79091
79092
79093
79094
71487
71486
71279
71924
71610
79095
71612
71607
79096
79097
79098
79099
79100
79101
79102
79103
79104
79105
72053
72324
72235
71951
71625
79106
71627
71622
79107
79108
79109
79110
79111
79112
79113
79114
79115
79116
79117
79118
79119
79120
79121
79122
79123
79124
72337
72336
72262
79125
79126
79127
79128
79129
79130
79131
79132
79133
79134
79135
79136
79137
71533
71977
71638
79138
71531
79139
79140
79141
79142
79143
79144
79145
79146
79147
79148
79149
79150
79151
79152
79153
79154
79155
79156
79157
79158
79159
79160
79161
79162
79163
79164
79165
79166
79167
79168
79169
79170
79171
79172
79173
79174
79175
79176
79177
79178
79179
79180
79181
79182
72662
72660
79183
79184
79185
79186
79187
79188
79189
79190
71988
71986
79191
79192
79193
79194
79195
72086
72091
72083
79196
79197
79198
79199
79200
79201
79202
72094
79203
79204
79205
79206
72697
79207
79208
79209
79210
79211
79212
79213
79214
79215
79216
79217
79218
79219
79220
79221
79222
79223
79224
79225
79226
79227
79228
79229
79230
79231
79232
79233
79234
79235
79236
79237
79238
71357
71417
79239
71678
79240
79241
72404
79242
79243
71424
71430
79244
71704
79245
79246
79247
79248
72450
79249
71437
71443
79250
71730
72099
79251
79252
79253
72484
79254
71450
71456
79255
71756
71556
79256
71557
71766
71566
71463
71469
79257
71804
71571
79258
71572
71818
71581
71476
71482
79259
71856
71586
79260
71587
71870
71596
71489
71492
79261
71903
71601
79262
71602
71917
71611
72326
72332
79263
72581
71616
79264
71617
71944
71626
72339
72345
79265
72615
71631
79266
71632
71970
71639
71635
79267
79268
79269
79270
79271
79272
79273
79274
72653
79275
72651
79276
79277
79278
79279
72677
79280
79281
79282
79283
79284
79285
72693
79286
79287
79288
79289
79290
79291
71535
72007
72009
72015
72017
79292
79293
79294
79295
79296
79297
79298
79299
79300
79301
79302
79303
79304
79305
79306
79307
79308
79309
72113
79310
79311
72381
79312
79313
79314
79315
79316
79317
79318
79319
79320
79321
79322
79323
79324
79325
79326
79327
79328
79329
79330
79331
79332
79333
79334
79335
79336
79337
79338
79339
79340
79341
79342
79343
79344
79345
79346
79347
79348
79349
79350
79351
79352
79353
79354
79355
79356
79357
79358
79359
79360
79361
79362
79363
79364
79365
79366
79367
79368
79369
79370
79371
79372
79373
79374
79375
79376
79377
79378
79379
79380
79381
79382
79383
79384
79385
79386
79387
79388
79389
79390
79391
79392
79393
79394
79395
79396
79397
79398
79399
79400
79401
79402
79403
79404
79405
79406
79407
79408
79409
71546
71216
71558
71234
71573
71252
71588
71270
71603
71288
71618
71297
79410
79411
79412
79413
79414
79415
79416
79417
79418
79419
79420
79421
79422
79423
79424
79425
79426
79427
79428
79429
79430
79431
79432
79433
79434
79435
79436
79437
79438
79439
79440
79441
79442
79443
79444
79445
79446
79447
79448
79449
79450
79451
79452
79453
79454
79455
72376
72374
79456
79457
79458
79459
79460
79461
79462
79463
79464
79465
79466
79467
79468
79469
79470
79471
79472
79473
79474
79475
79476
79477
79478
79479
79480
79481
79482
79483
79484
79485
79486
79487
79488
79489
79490
79491
79492
79493
79494
79495
71648
71658
71675
79496
79497
79498
79499
79500
79501
79502
79503
79504
79505
79506
79507
79508
79509
79510
79511
79512
79513
79514
79515
79516
79517
79518
79519
79520
79521
79522
79523
79524
79525
79526
79527
72395
72392
72402
72410
72411
72418
79528
79529
79530
79531
79532
79533
79534
79535
79536
79537
79538
79539
79540
79541
79542
79543
79544
79545
79546
79547
79548
79549
79550
79551
79552
79553
79554
79555
79556
79557
79558
79559
79560
79561
79562
79563
79564
79565
79566
79567
79568
79569
79570
79571
79572
79573
79574
79575
79576
79577
79578
79579
79580
79581
79582
79583
79584
79585
79586
79587
79588
79589
79590
79591
79592
79593
79594
79595
79596
79597
79598
79599
79600
79601
79602
79603
79604
79605
79606
79607
79608
79609
79610
79611
79612
79613
79614
79615
79616
79617
79618
79619
79620
79621
79622
79623
79624
79625
79626
79627
79628
79629
72426
72430
71686
71701
72443
72447
72440
72454
72455
72462
79630
79631
79632
79633
79634
79635
79636
79637
71712
71727
72477
72481
72474
72488
72489
72495
79638
79639
79640
79641
79642
79643
79644
79645
71738
71753
72509
72511
72506
71771
79646
79647
79648
79649
79650
79651
79652
79653
71786
71801
71813
71823
79654
79655
79656
79657
79658
79659
79660
79661
71838
71853
71865
71875
79662
79663
79664
79665
79666
79667
79668
79669
71890
71902
71912
71922
79670
79671
79672
79673
79674
79675
79676
79677
72565
72578
71939
71949
79678
79679
79680
79681
79682
79683
79684
79685
72598
72612
71965
71975
79686
79687
79688
79689
79690
79691
79692
79693
79694
79695
79696
79697
72632
72647
72671
72683
79698
79699
79700
79701
71998
72006
79702
79703
79704
79705
72025
72034
79706
79707
79708
79709
79710
79711
79712
79713
79714
79715
79716
79717
79718
79719
79720
79721
79722
79723
79724
79725
79726
79727
79728
79729
79730
79731
79732
79733
79734
79735
79736
79737
79738
79739
79740
79741
79742
79743
79744
79745
79746
79747
79748
79749
79750
79751
79752
79753
79754
79755
79756
79757
79758
79759
79760
79761
79762
79763
79764
79765
79766
79767
79768
79769
79770
79771
79772
79773
79774
79775
79776
79777
79778
79779
79780
79781
79782
79783
79784
79785
79786
79787
79788
79789
79790
79791
79792
79793
79794
79795
79796
79797
79798
79799
79800
79801
79802
79803
79804
79805
79806
79807
79808
79809
79810
79811
79812
79813
79814
79815
79816
79817
79818
79819
79820
79821
79822
79823
79824
79825
79826
79827
79828
79829
79830
79831
79832
79833
72711
79834
79835
79836
79837
79838
79839
79840
79841
79842
79843
79844
79845
79846
79847
79848
79849
79850
79851
79852
79853
79854
79855
79856
79857
79858
79859
79860
79861
79862
79863
79864
79865
79866
79867
79868
79869
79870
79871
79872
79873
79874
79875
79876
79877
79878
79879
79880
79881
79882
79883
79884
79885
79886
79887
79888
79889
79890
79891
79892
79893
79894
79895
79896
79897
79898
79899
79900
79901
79902
79903
79904
79905
79906
79907
79908
79909
79910
79911
79912
79913
79914
79915
79916
79917
79918
79919
79920
79921
79922
79923
79924
79925
72729
72717
79926
79927
72735
72739
79928
79929
72744
79930
79931
79932
79933
79934
79935
79936
79937
79938
79939
79940
79941
79942
79943
79944
79945
79946
79947
79948
79949
79950
79951
79952
79953
79954
79955
79956
79957
79958
79959
79960
79961
79962
79963
79964
79965
79966
79967
79968
79969
79970
79971
79972
79973
79974
79975
79976
79977
79978
79979
79980
79981
79982
79983
72377
79984
79985
79986
79987
79988
79989
79990
79991
79992
79993
79994
79995
79996
79997
79998
79999
80000
80001
80002
80003
80004
80005
80006
80007
80008
80009
80010
80011
80012
80013
80014
80015
80016
80017
80018
80019
80020
80021
80022
80023
80024
80025
80026
80027
80028
80029
80030
80031
80032
80033
80034
80035
80036
80037
80038
80039
80040
80041
80042
80043
80044
80045
80046
80047
80048
80049
80050
80051
80052
80053
80054
80055
80056
80057
80058
80059
80060
80061
80062
80063
80064
80065
80066
80067
80068
80069
80070
80071
80072
80073
80074
80075
80076
80077
80078
80079
80080
80081
80082
80083
80084
71649
71652
71676
80085
72057
80086
71656
71654
80087
72396
80088
80089
72065
71689
71692
71702
80090
72066
80091
72444
80092
80093
72067
71715
71718
71728
80094
72068
80095
72478
80096
80097
72069
71741
71744
71754
80098
72070
80099
71760
71769
80100
72071
71789
71792
71802
80101
72072
71808
71811
71821
80102
72073
71841
71844
71854
80103
72074
71860
71863
71873
80104
72075
71893
71896
71898
80105
72076
71907
71910
71920
80106
72077
72567
72570
72579
80107
72721
71934
71937
71947
80108
72722
72601
72604
72613
80109
72723
71960
71963
71973
80110
72724
72635
72638
72648
80111
72657
72667
72669
72681
71994
71996
72005
72002
72020
72023
72032
80112
80113
80114
80115
80116
80117
80118
80119
80120
80121
80122
80123
80124
80125
80126
80127
80128
80129
80130
80131
80132
80133
80134
80135
80136
80137
80138
80139
80140
80141
80142
80143
80144
80145
80146
80147
80148
80149
80150
80151
71644
71646
80152
80153
80154
80155
71663
71666
80156
72752
80157
80158
80159
80160
80161
80162
80163
80164
80165
80166
80167
80168
80169
80170
80171
80172
80173
80174
80175
80176
80177
80178
80179
80180
80181
80182
80183
80184
80185
72713
80186
72408
72715
72720
80187
80188
80189
80190
80191
80192
80193
80194
80195
80196
80197
80198
80199
80200
80201
80202
80203
80204
80205
80206
80207
80208
80209
80210
80211
80212
80213
80214
80215
80216
80217
80218
80219
80220
80221
80222
80223
80224
80225
80226
80227
80228
80229
80230
80231
80232
80233
80234
80235
80236
80237
80238
80239
80240
80241
80242
80243
80244
80245
80246
80247
80248
80249
80250
80251
72432
71682
71671
71674
72719
80252
80253
80254
72422
72731
80255
72733
72738
80256
80257
71708
71697
71700
72737
80258
80259
80260
72466
72741
80261
72743
72747
80262
80263
71734
71723
71726
72746
80264
80265
80266
72499
72100
80267
80268
80269
71782
71749
71752
72101
80270
71815
71777
71778
72102
80271
80272
80273
71834
71797
71800
72103
80274
71867
71829
71830
72104
80275
80276
80277
71886
71849
71852
72105
80278
71914
71881
71882
72106
80279
80280
80281
72562
72546
72549
72107
80282
71941
71928
71929
72108
80283
80284
80285
72595
72574
72577
72109
80286
71967
71955
71956
72110
80287
80288
80289
72629
72608
72611
72111
80290
72027
71981
71982
80291
72092
80292
80293
80294
80295
80296
80297
80298
80299
80300
80301
80302
80303
80304
80305
80306
72643
72646
72664
72674
80307
72794
80308
80309
80310
72685
72686
80311
80312
80313
80314
71990
71999
80315
72796
80316
80317
72807
80318
80319
80320
80321
72011
72012
80322
72798
80323
72038
72037
80324
80325
80326
80327
80328
80329
80330
80331
80332
80333
80334
80335
80336
80337
80338
80339
80340
80341
80342
80343
80344
80345
80346
80347
80348
80349
80350
80351
80352
80353
80354
80355
80356
72121
80357
80358
80359
80360
80361
80362
80363
80364
80365
80366
80367
80368
80369
80370
80371
80372
80373
80374
80375
80376
80377
80378
80379
80380
80381
80382
80383
80384
80385
80386
80387
80388
80389
80390
80391
80392
80393
80394
80395
80396
80397
80398
80399
80400
80401
80402
80403
80404
80405
80406
80407
80408
80409
80410
80411
80412
80413
80414
80415
80416
80417
80418
80419
80420
80421
80422
80423
80424
80425
80426
80427
80428
80429
80430
80431
80432
80433
80434
80435
80436
80437
80438
80439
80440
72058
80441
80442
80443
80444
71153
80445
80446
80447
80448
71162
80449
80450
80451
80452
71171
80453
80454
80455
80456
71180
80457
80458
80459
80460
80461
80462
80463
80464
80465
80466
80467
80468
80469
80470
80471
80472
80473
80474
80475
80476
80477
80478
80479
80480
80481
80482
80483
80484
80485
80486
80487
80488
80489
80490
80491
80492
80493
80494
80495
80496
80497
80498
80499
80500
80501
80502
80503
80504
80505
80506
80507
80508
80509
80510
80511
80512
80513
80514
80515
80516
80517
80518
80519
71199
80520
80521
80522
80523
80524
80525
80526
80527
80528
80529
80530
80531
80532
80533
80534
80535
80536
80537
80538
80539
80540
80541
80542
80543
80544
80545
71212
80546
80547
80548
80549
80550
80551
80552
80553
80554
80555
80556
80557
80558
80559
80560
80561
80562
80563
80564
80565
80566
80567
80568
80569
80570
80571
71230
80572
80573
80574
80575
80576
80577
80578
80579
80580
80581
80582
80583
80584
80585
80586
80587
80588
80589
80590
80591
80592
80593
80594
80595
80596
80597
71248
80598
80599
80600
80601
80602
80603
80604
80605
80606
80607
80608
80609
80610
80611
80612
80613
80614
80615
80616
80617
80618
80619
80620
80621
80622
80623
71266
80624
80625
80626
80627
80628
80629
80630
80631
80632
80633
80634
80635
80636
80637
80638
80639
80640
80641
80642
80643
80644
80645
80646
80647
80648
80649
71284
80650
80651
80652
80653
80654
80655
80656
80657
80658
80659
80660
80661
80662
80663
80664
80665
80666
80667
80668
80669
80670
80671
80672
80673
80674
80675
72055
80676
80677
80678
80679
80680
80681
80682
80683
80684
80685
80686
80687
80688
80689
80690
80691
80692
80693
80694
80695
80696
80697
80698
80699
80700
80701
80702
80703
80704
80705
80706
80707
80708
80709
80710
80711
80712
80713
80714
80715
80716
80717
80718
80719
80720
80721
80722
80723
80724
80725
80726
80727
80728
80729
80730
80731
80732
80733
80734
80735
80736
80737
80738
80739
80740
80741
80742
80743
80744
80745
80746
80747
80748
80749
80750
80751
80752
80753
80754
80755
80756
80757
80758
80759
80760
80761
80762
80763
80764
80765
80766
80767
80768
80769
80770
80771
80772
80773
80774
80775
80776
80777
80778
80779
80780
80781
80782
80783
80784
80785
80786
80787
80788
80789
80790
80791
80792
80793
80794
80795
80796
80797
80798
80799
80800
80801
80802
80803
80804
80805
80806
80807
80808
80809
80810
80811
80812
80813
80814
80815
80816
80817
80818
80819
80820
80821
80822
80823
80824
80825
80826
80827
80828
80829
80830
80831
80832
80833
80834
80835
80836
80837
80838
80839
80840
80841
80842
80843
80844
80845
80846
80847
80848
80849
80850
80851
80852
80853
80854
80855
80856
71350
71667
71679
80857
80858
80859
71661
71360
80860
80861
80862
71371
80863
80864
80865
71382
80866
80867
80868
71393
72061
80869
80870
80871
80872
72063
80873
80874
80875
80876
80877
80878
80879
80880
80881
80882
80883
80884
80885
80886
80887
80888
80889
80890
72397
72405
80891
80892
80893
80894
72415
72419
80895
80896
80897
80898
80899
80900
80901
80902
80903
80904
80905
80906
80907
80908
80909
80910
80911
80912
80913
80914
80915
80916
80917
80918
80919
80920
80921
80922
80923
80924
80925
80926
80927
80928
80929
80930
80931
80932
80933
80934
80935
80936
80937
80938
80939
80940
80941
80942
80943
80944
80945
80946
80947
80948
80949
80950
80951
80952
80953
80954
80955
80956
80957
80958
80959
80960
80961
80962
80963
80964
80965
80966
80967
80968
80969
80970
80971
80972
80973
80974
80975
80976
80977
80978
80979
80980
80981
80982
80983
80984
80985
71415
71681
71687
80986
80987
80988
80989
71418
71693
71705
80990
80991
80992
80993
80994
80995
80996
80997
80998
80999
81000
71428
71707
71713
81001
81002
81003
81004
71431
71719
71731
81005
81006
81007
81008
81009
81010
81011
81012
81013
81014
81015
71441
71733
71739
81016
81017
81018
81019
71444
71745
71757
81020
81021
81022
81023
81024
81025
81026
81027
81028
81029
81030
71454
71781
71787
81031
81032
81033
81034
71457
71793
71805
81035
81036
81037
81038
81039
81040
81041
81042
81043
81044
81045
71467
71833
71839
81046
81047
81048
81049
71470
71845
71857
81050
81051
81052
81053
81054
81055
81056
81057
81058
81059
81060
71480
71885
71891
81061
81062
81063
81064
71483
71897
71904
81065
81066
81067
81068
81069
81070
81071
81072
81073
81074
81075
71490
72559
71931
81076
81077
81078
81079
72321
72571
72582
81080
81081
81082
81083
81084
81085
81086
81087
81088
81089
81090
72330
72592
72599
81091
81092
81093
81094
72333
72605
72616
81095
81096
81097
81098
81099
81100
81101
81102
81103
81104
81105
81106
81107
81108
81109
81110
81111
81112
81113
81114
81115
81116
81117
81118
81119
81120
81121
81122
72343
72626
72633
81123
81124
81125
81126
81127
81128
81129
81130
81131
81132
81133
81134
81135
81136
81137
81138
81139
81140
81141
81142
81143
81144
81145
81146
81147
72078
81148
72692
72725
72727
72090
71528
81149
72026
72029
72093
81150
72016
81151
81152
81153
81154
81155
81156
81157
81158
81159
81160
81161
81162
81163
81164
81165
81166
81167
81168
81169
81170
81171
81172
81173
81174
81175
81176
81177
81178
81179
81180
81181
81182
81183
81184
81185
81186
81187
81188
81189
81190
81191
81192
81193
81194
81195
81196
81197
81198
81199
81200
81201
81202
81203
81204
81205
81206
81207
81208
81209
81210
72654
72672
72678
72688
81211
81212
81213
81214
81215
81216
81217
81218
81219
81220
81221
81222
81223
81224
81225
81226
81227
81228
81229
81230
81231
81232
81233
81234
81235
81236
81237
81238
81239
81240
81241
81242
81243
81244
81245
81246
81247
81248
81249
81250
81251
81252
81253
81254
81255
81256
81257
81258
81259
81260
81261
81262
81263
81264
81265
81266
81267
81268
81269
81270
81271
81272
81273
81274
81275
81276
81277
81278
81279
81280
81281
81282
81283
81284
81285
81286
81287
81288
81289
81290
81291
81292
81293
81294
81295
81296
81297
81298
81299
81300
81301
81302
72445
72451
81303
81304
81305
72459
72463
81306
81307
81308
72479
72485
72098
71549
72095
72492
72496
71554
71764
71765
71563
71772
71774
71569
71814
71817
71578
71824
71826
71584
71866
71869
71593
71876
71878
71599
71913
71916
71608
71923
71925
71614
71940
71943
71623
71950
71952
71629
71966
71969
71636
71976
71978
81309
81310
81311
81312
81313
81314
81315
81316
81317
81318
81319
81320
81321
81322
81323
81324
81325
81326
81327
81328
81329
81330
81331
81332
81333
81334
81335
81336
81337
81338
81339
81340
81341
81342
81343
81344
81345
81346
81347
81348
81349
81350
81351
81352
81353
81354
81355
81356
81357
81358
81359
81360
81361
81362
81363
81364
81365
81366
81367
81368
81369
81370
81371
81372
81373
81374
81375
81376
81377
81378
81379
81380
81381
81382
81383
81384
81385
81386
81387
81388
81389
81390
81391
81392
81393
81394
81395
81396
81397
81398
81399
81400
81401
81402
81403
81404
81405
81406
81407
81408
81409
81410
81411
81412
81413
81414
81415
81416
81417
81418
81419
81420
81421
81422
81423
81424
81425
81426
81427
81428
81429
81430
81431
81432
81433
81434
72375
81435
72117
72114
81436
72809
81437
72698
72700
72705
81438
81439
81440
81441
81442
81443
81444
81445
81446
81447
81448
81449
81450
81451
81452
81453
81454
81455
81456
81457
81458
81459
81460
71651
72750
71641
72378
71647
72382
71657
71665
72751
71677
72753
71673
72389
81461
81462
81463
81464
81465
81466
81467
81468
81469
81470
81471
81472
81473
81474
81475
81476
72394
72754
72407
72403
72412
72755
72421
72413
81477
81478
81479
81480
81481
81482
81483
81484
81485
81486
81487
81488
81489
81490
81491
81492
81493
81494
81495
81496
81497
81498
81499
81500
81501
81502
81503
81504
81505
81506
81507
81508
81509
81510
81511
81512
81513
81514
81515
81516
81517
81518
81519
81520
81521
81522
81523
81524
81525
81526
81527
81528
81529
81530
81531
81532
81533
81534
81535
81536
81537
81538
81539
81540
81541
72757
72431
72759
71691
72433
71685
71703
72760
71699
72437
72442
72448
72761
72449
72456
72762
72465
72457
81542
81543
81544
81545
81546
72763
71717
72467
71711
71729
72764
71725
72471
72476
72482
72765
72483
72490
72766
72498
72491
81547
81548
81549
81550
81551
72767
71743
72500
71737
71755
72768
71751
72504
72508
72512
72769
72513
71770
72770
71779
72515
81552
81553
81554
81555
81556
72771
71791
72518
71785
71803
72772
71799
72522
71812
71816
72773
72525
71822
72774
71831
72527
81557
81558
81559
81560
81561
72775
71843
72530
71837
71855
72776
71851
72534
71864
71868
72777
72537
71874
72778
71883
72539
81562
81563
81564
81565
81566
72779
71895
72542
71889
71901
72780
72548
72550
71911
71915
72781
72553
71921
72782
71930
72555
81567
81568
81569
81570
81571
72783
72569
72560
72564
72580
72784
72576
72583
71938
71942
72785
72586
71948
72786
71957
72588
81572
81573
81574
81575
81576
72787
72603
72593
72597
72614
72788
72610
72617
71964
71968
72789
72620
71974
72790
71983
72622
81577
81578
81579
81580
81581
81582
81583
81584
81585
72791
72637
72627
72631
72649
72792
72640
72645
72652
72661
72670
72675
72793
72676
72682
72687
81586
81587
81588
71987
71997
72000
72795
72690
72694
72004
72013
72797
72696
72008
81589
81590
81591
72024
72028
72799
72703
72033
72800
72039
81592
81593
81594
81595
81596
81597
81598
81599
81600
81601
81602
81603
81604
81605
81606
81607
81608
81609
81610
81611
81612
81613
81614
81615
81616
81617
81618
81619
81620
81621
81622
81623
81624
81625
81626
81627
81628
81629
81630
81631
81632
81633
81634
81635
81636
81637
81638
81639
81640
81641
81642
81643
81644
81645
81646
81647
81648
81649
81650
81651
81652
81653
81654
81655
81656
81657
81658
81659
81660
81661
81662
81663
81664
81665
81666
81667
81668
81669
81670
81671
81672
81673
81674
81675
81676
81677
81678
81679
81680
81681
81682
81683
81684
81685
81686
81687
81688
81689
81690
81691
81692
81693
81694
81695
81696
81697
81698
81699
81700
81701
81702
81703
81704
81705
81706
81707
81708
81709
81710
81711
81712
81713
81714
81715
81716
81717
81718
81719
81720
81721
81722
81723
81724
81725
81726
81727
81728
81729
81730
81731
81732
81733
81734
81735
81736
81737
81738
81739
81740
81741
81742
81743
81744
81745
81746
81747
81748
81749
81750
81751
81752
81753
81754
81755
81756
81757
81758
81759
81760
81761
81762
81763
81764
81765
81766
81767
81768
81769
81770
81771
81772
81773
81774
81775
81776
81777
81778
72386
72384
72380
72399
81779
72758
81780
81781
81782
81783
81784
81785
81786
81787
81788
81789
81790
81791
81792
81793
72967
81794
81795
81796
81797
81798
81799
81800
81801
81802
81803
72968
81804
81805
81806
81807
81808
81809
81810
81811
81812
81813
72970
81814
81815
81816
81817
81818
81819
81820
81821
81822
81823
72972
81824
81825
81826
81827
81828
81829
81830
81831
81832
81833
72974
81834
81835
81836
81837
81838
81839
81840
81841
81842
81843
72976
81844
81845
81846
81847
81848
81849
81850
81851
81852
81853
72978
81854
81855
81856
81857
81858
81859
81860
81861
81862
81863
72980
81864
81865
81866
81867
81868
81869
81870
81871
81872
81873
72982
81874
81875
81876
81877
81878
81879
81880
81881
81882
81883
72984
81884
81885
81886
81887
81888
81889
81890
81891
81892
72986
81893
81894
81895
81896
81897
81898
81899
81900
81901
81902
81903
81904
81905
81906
81907
81908
81909
81910
81911
81912
81913
81914
81915
81916
81917
81918
81919
81920
81921
81922
81923
81924
81925
81926
81927
81928
81929
81930
81931
81932
81933
81934
81935
81936
81937
81938
81939
81940
81941
81942
81943
81944
81945
81946
81947
81948
81949
81950
81951
81952
81953
81954
81955
81956
81957
81958
81959
81960
81961
81962
81963
81964
81965
81966
81967
81968
81969
81970
81971
81972
81973
81974
81975
81976
81977
81978
81979
81980
81981
81982
81983
81984
81985
81986
81987
81988
81989
81990
81991
81992
81993
81994
81995
81996
81997
81998
81999
82000
82001
82002
82003
82004
82005
82006
82007
82008
82009
82010
82011
82012
82013
82014
82015
82016
82017
82018
82019
82020
82021
82022
82023
82024
82025
82026
82027
82028
82029
82030
82031
82032
82033
82034
72162
82035
82036
82037
82038
82039
82040
82041
82042
82043
82044
82045
82046
82047
82048
82049
82050
82051
82052
82053
82054
82055
82056
82057
82058
82059
82060
82061
82062
82063
82064
82065
82066
82067
82068
82069
82070
82071
82072
82073
82074
82075
82076
82077
82078
82079
82080
82081
82082
82083
82084
82085
82086
82087
82088
82089
82090
82091
82092
82093
82094
82095
82096
82097
82098
82099
82100
82101
82102
82103
82104
82105
82106
82107
82108
82109
82110
82111
82112
82113
82114
82115
82116
82117
82118
82119
82120
82121
82122
82123
82124
82125
82126
82127
82128
82129
72123
82130
82131
82132
82133
82134
82135
82136
82137
82138
82139
82140
82141
82142
82143
82144
82145
82146
82147
82148
82149
82150
82151
82152
82153
82154
82155
82156
82157
82158
82159
82160
82161
82162
82163
82164
82165
82166
82167
82168
72298
82169
82170
82171
82172
82173
82174
82175
82176
82177
82178
82179
82180
82181
82182
82183
82184
82185
82186
82187
82188
82189
82190
82191
82192
82193
82194
82195
82196
82197
82198
82199
82200
82201
82202
82203
82204
82205
82206
82207
82208
82209
82210
82211
82212
82213
82214
82215
82216
82217
82218
82219
82220
82221
82222
82223
82224
82225
82226
82227
82228
82229
82230
82231
82232
82233
82234
82235
82236
82237
82238
82239
82240
82241
82242
82243
82244
82245
82246
82247
82248
82249
82250
82251
82252
82253
82254
82255
82256
82257
82258
82259
82260
82261
82262
82263
82264
82265
82266
82267
82268
82269
72124
82270
82271
82272
82273
82274
82275
82276
82277
82278
82279
82280
82281
82282
82283
82284
82285
82286
82287
82288
82289
82290
82291
82292
82293
82294
82295
82296
82297
82298
82299
82300
82301
82302
82303
82304
82305
82306
82307
82308
82309
82310
82311
82312
82313
82314
82315
82316
82317
82318
82319
82320
82321
82322
82323
82324
82325
82326
82327
82328
82329
82330
82331
82332
82333
82334
82335
82336
82337
82338
82339
82340
82341
82342
82343
82344
82345
82346
82347
82348
82349
82350
82351
82352
82353
82354
82355
82356
82357
82358
82359
82360
82361
82362
82363
82364
82365
82366
82367
82368
82369
82370
82371
82372
82373
82374
82375
82376
82377
82378
82379
82380
82381
82382
82383
82384
72806
82385
82386
82387
82388
82389
82390
82391
82392
82393
82394
82395
82396
82397
82398
82399
82400
82401
82402
82403
82404
82405
82406
82407
82408
82409
82410
82411
82412
82413
82414
82415
82416
82417
82418
82419
82420
82421
82422
82423
82424
82425
82426
82427
82428
82429
82430
82431
82432
82433
82434
82435
82436
82437
82438
82439
82440
82441
82442
82443
82444
82445
82446
82447
82448
82449
82450
82451
82452
82453
82454
82455
82456
82457
82458
82459
82460
82461
82462
82463
82464
82465
82466
82467
82468
82469
82470
82471
82472
82473
82474
82475
82476
82477
82478
82479
82480
82481
82482
82483
82484
82485
82486
82487
82488
72726
72728
82489
82490
82491
82492
82493
82494
82495
82496
82497
82498
82499
82500
82501
82502
82503
82504
82505
82506
82507
82508
82509
82510
82511
82512
82513
82514
82515
82516
82517
82518
72810
82519
82520
82521
82522
82523
82524
82525
82526
82527
82528
82529
82530
82531
82532
82533
82534
82535
82536
82537
82538
82539
82540
82541
82542
82543
82544
82545
82546
82547
82548
82549
82550
82551
82552
82553
82554
82555
82556
82557
82558
82559
82560
82561
82562
82563
82564
82565
82566
82567
82568
82569
82570
82571
82572
82573
82574
82575
82576
82577
82578
82579
82580
82581
82582
82583
82584
82585
82586
82587
82588
82589
82590
82591
82592
82593
82594
82595
82596
82597
82598
82599
82600
82601
82602
82603
82604
82605
82606
82607
82608
82609
82610
82611
82612
82613
82614
82615
82616
82617
82618
82619
82620
82621
82622
82623
82624
82625
82626
82627
82628
82629
82630
82631
82632
82633
82634
82635
82636
82637
82638
82639
82640
82641
82642
82643
82644
82645
82646
82647
82648
82649
82650
82651
82652
82653
82654
82655
82656
82657
82658
82659
82660
82661
82662
82663
82664
82665
82666
82667
82668
82669
82670
82671
82672
82673
82674
82675
82676
82677
82678
82679
82680
82681
82682
82683
82684
82685
82686
82687
82688
82689
82690
82691
82692
82693
82694
82695
82696
82697
82698
82699
82700
82701
82702
82703
82704
82705
82706
82707
82708
82709
82710
82711
82712
82713
82714
82715
82716
82717
82718
82719
82720
82721
82722
82723
82724
82725
82726
82727
82728
82729
82730
82731
82732
82733
82734
82735
82736
82737
82738
82739
82740
82741
82742
72158
82743
82744
82745
82746
82747
82748
82749
82750
82751
82752
82753
82754
82755
82756
82757
82758
82759
82760
82761
82762
82763
82764
82765
82766
82767
82768
82769
82770
82771
82772
82773
82774
82775
82776
82777
82778
82779
82780
82781
82782
82783
82784
82785
82786
82787
72300
82788
82789
82790
82791
82792
82793
82794
82795
82796
82797
82798
82799
82800
82801
82802
82803
82804
82805
82806
82807
82808
82809
82810
82811
82812
82813
82814
82815
82816
82817
82818
82819
82820
82821
82822
82823
82824
82825
82826
82827
82828
82829
82830
82831
82832
82833
82834
82835
82836
82837
82838
82839
82840
82841
82842
82843
82844
82845
82846
82847
82848
82849
82850
82851
82852
82853
82854
82855
82856
82857
82858
82859
82860
82861
82862
82863
82864
82865
82866
82867
82868
82869
82870
82871
82872
82873
82874
82875
82876
82877
82878
82879
82880
82881
82882
82883
82884
82885
82886
72160
82887
72174
82888
82889
82890
82891
82892
82893
82894
82895
82896
82897
82898
82899
82900
72176
82901
82902
82903
82904
82905
82906
82907
82908
82909
82910
82911
82912
82913
82914
82915
82916
82917
82918
82919
82920
82921
82922
82923
82924
82925
82926
82927
82928
82929
82930
82931
82932
82933
82934
82935
82936
82937
82938
82939
82940
82941
82942
82943
82944
82945
82946
82947
82948
82949
82950
82951
82952
82953
82954
82955
82956
82957
82958
82959
82960
82961
82962
82963
82964
82965
82966
82967
82968
82969
82970
82971
82972
82973
82974
82975
82976
82977
82978
82979
82980
82981
82982
82983
82984
82985
82986
82987
82988
82989
82990
82991
82992
82993
82994
82995
82996
82997
82998
82999
83000
83001
83002
83003
83004
83005
83006
83007
83008
83009
83010
83011
83012
83013
83014
83015
83016
83017
83018
83019
83020
83021
83022
83023
83024
83025
83026
83027
83028
83029
83030
83031
83032
83033
83034
83035
83036
83037
83038
83039
83040
83041
83042
83043
83044
83045
83046
83047
83048
83049
83050
83051
83052
83053
83054
83055
83056
83057
83058
83059
83060
83061
83062
83063
83064
83065
83066
83067
83068
83069
83070
83071
83072
83073
83074
83075
83076
83077
83078
83079
83080
83081
83082
83083
83084
83085
83086
83087
83088
83089
83090
83091
83092
83093
83094
83095
83096
83097
83098
83099
83100
83101
83102
83103
83104
83105
83106
83107
83108
83109
83110
83111
83112
83113
83114
83115
83116
83117
83118
83119
83120
83121
83122
83123
83124
83125
83126
83127
83128
83129
83130
83131
83132
83133
83134
83135
83136
83137
83138
83139
83140
83141
83142
83143
83144
83145
83146
83147
83148
83149
83150
83151
83152
83153
83154
83155
83156
83157
83158
83159
83160
83161
83162
83163
83164
83165
83166
83167
83168
83169
83170
83171
83172
83173
83174
83175
83176
83177
83178
83179
83180
83181
83182
83183
83184
83185
83186
83187
83188
83189
83190
83191
83192
83193
83194
83195
83196
83197
83198
83199
83200
83201
83202
83203
83204
83205
83206
83207
83208
83209
71364
83210
71374
83211
71385
83212
71397
83213
71406
83214
83215
83216
83217
83218
83219
83220
83221
83222
83223
83224
83225
83226
83227
83228
83229
83230
83231
72294
83232
83233
83234
83235
83236
83237
83238
83239
83240
83241
83242
83243
83244
83245
83246
83247
83248
83249
72259
83250
71497
71306
83251
71315
71324
83252
71333
83253
83254
83255
83256
83257
83258
83259
83260
83261
83262
83263
83264
83265
71539
83266
83267
83268
83269
83270
83271
83272
83273
83274
83275
83276
83277
83278
83279
83280
83281
83282
83283
83284
83285
83286
83287
83288
83289
83290
83291
83292
83293
83294
83295
83296
83297
83298
83299
83300
83301
83302
83303
83304
83305
83306
83307
83308
83309
83310
83311
83312
83313
83314
83315
83316
83317
83318
83319
83320
83321
83322
83323
83324
83325
83326
83327
83328
83329
83330
83331
83332
83333
83334
83335
83336
83337
83338
83339
83340
83341
83342
83343
83344
83345
83346
71183
83347
83348
83349
83350
83351
71370
71369
71376
83352
83353
83354
83355
83356
71381
71380
71387
83357
83358
83359
83360
83361
71392
71391
71399
83362
83363
83364
83365
83366
71404
71403
71408
83367
83368
83369
83370
83371
83372
71411
83373
83374
83375
83376
83377
83378
83379
83380
83381
83382
83383
83384
83385
83386
83387
83388
83389
83390
83391
83392
83393
83394
83395
83396
83397
83398
83399
83400
83401
83402
83403
83404
83405
83406
83407
83408
83409
83410
83411
83412
83413
83414
83415
83416
83417
83418
83419
83420
83421
83422
83423
83424
83425
83426
83427
83428
83429
83430
83431
83432
83433
83434
83435
83436
83437
83438
83439
83440
83441
83442
83443
83444
83445
83446
83447
72296
83448
83449
83450
83451
83452
83453
83454
83455
83456
83457
83458
83459
83460
83461
83462
83463
83464
83465
83466
83467
72801
71192
83468
83469
83470
83471
83472
83473
83474
83475
83476
83477
83478
83479
71205
83480
83481
83482
83483
83484
83485
83486
83487
83488
83489
83490
83491
71223
83492
83493
83494
83495
83496
83497
83498
83499
83500
83501
83502
83503
71241
83504
83505
83506
83507
83508
83509
83510
83511
83512
83513
83514
83515
71259
83516
83517
83518
83519
83520
83521
83522
83523
83524
83525
83526
83527
71277
83528
83529
83530
83531
83532
83533
83534
83535
83536
83537
83538
83539
72056
83540
83541
83542
83543
83544
83545
83546
83547
83548
83549
83550
83551
83552
83553
83554
83555
83556
83557
83558
83559
83560
83561
72261
83562
83563
83564
83565
83566
72348
72269
72270
83567
83568
83569
83570
71495
71308
71309
71501
71317
71318
83571
71507
71326
71327
83572
83573
83574
71510
71335
71336
71519
71344
71345
71633
83575
83576
83577
83578
83579
83580
83581
83582
83583
83584
83585
83586
83587
83588
83589
83590
83591
83592
83593
83594
83595
83596
83597
83598
83599
83600
83601
83602
83603
83604
83605
83606
83607
83608
83609
83610
83611
83612
83613
83614
83615
72085
83616
83617
83618
83619
83620
83621
83622
83623
83624
83625
83626
71541
83627
83628
71187
83629
83630
83631
83632
83633
83634
83635
83636
83637
83638
83639
83640
83641
83642
83643
83644
83645
83646
83647
83648
83649
83650
83651
71189
83652
83653
71196
83654
83655
71209
83656
83657
71227
83658
83659
71245
83660
83661
71263
83662
83663
71281
83664
83665
72237
72709
83666
83667
83668
83669
83670
83671
83672
83673
83674
83675
83676
83677
83678
83679
83680
83681
83682
83683
83684
71543
83685
83686
83687
83688
83689
83690
83691
83692
83693
83694
83695
83696
83697
83698
83699
83700
71203
71214
71232
71250
71268
71286
71295
83701
83702
83703
83704
83705
83706
83707
83708
83709
83710
83711
83712
83713
83714
83715
83716
83717
83718
83719
83720
83721
83722
83723
83724
83725
83726
83727
83728
83729
83730
83731
83732
83733
83734
83735
83736
83737
83738
83739
83740
83741
83742
83743
83744
83745
83746
83747
83748
83749
83750
72425
83751
83752
83753
83754
83755
83756
83757
83758
83759
83760
83761
83762
83763
83764
83765
83766
83767
83768
83769
83770
83771
83772
83773
83774
83775
83776
83777
83778
83779
83780
83781
83782
83783
83784
83785
83786
83787
83788
83789
83790
83791
83792
83793
83794
83795
83796
83797
83798
83799
83800
83801
83802
83803
83804
83805
83806
83807
83808
83809
83810
83811
83812
83813
83814
83815
83816
83817
83818
83819
83820
83821
83822
71201
71548
71218
71219
71560
71236
71237
71575
71254
71255
71590
71272
71273
71605
71290
71291
71620
71299
71300
83823
83824
83825
83826
83827
83828
83829
83830
83831
83832
83833
83834
83835
83836
83837
83838
83839
83840
83841
83842
83843
83844
83845
83846
83847
83848
83849
83850
83851
83852
83853
83854
83855
83856
83857
83858
83859
83860
83861
83862
83863
83864
83865
83866
83867
83868
83869
83870
83871
83872
83873
83874
83875
83876
83877
83878
83879
83880
83881
83882
83883
83884
83885
83886
83887
83888
83889
83890
83891
83892
83893
83894
83895
83896
83897
83898
83899
83900
83901
83902
83903
83904
83905
83906
83907
83908
83909
83910
83911
83912
83913
83914
83915
83916
83917
83918
83919
83920
83921
83922
83923
83924
83925
83926
83927
83928
83929
83930
83931
83932
83933
83934
83935
83936
83937
83938
83939
83940
83941
83942
83943
83944
83945
83946
83947
83948
83949
83950
83951
83952
83953
83954
83955
83956
83957
83958
83959
83960
83961
83962
83963
83964
83965
83966
72428
83967
83968
83969
83970
83971
83972
83973
83974
83975
83976
83977
83978
83979
83980
83981
83982
83983
83984
83985
83986
83987
83988
83989
83990
83991
83992
83993
83994
83995
83996
83997
83998
83999
84000
84001
84002
84003
84004
84005
84006
84007
84008
84009
84010
84011
84012
84013
84014
84015
84016
84017
84018
72079
84019
84020
84021
84022
84023
84024
84025
84026
84027
84028
84029
84030
84031
84032
84033
84034
84035
84036
84037
84038
84039
84040
84041
84042
84043
84044
84045
84046
84047
84048
84049
84050
84051
84052
84053
84054
84055
84056
84057
84058
84059
84060
84061
84062
84063
84064
84065
84066
84067
84068
84069
84070
84071
84072
84073
84074
84075
84076
84077
84078
84079
84080
84081
84082
84083
84084
84085
84086
84087
84088
84089
84090
84091
84092
84093
84094
84095
84096
84097
84098
84099
84100
84101
84102
84103
84104
84105
84106
84107
84108
84109
84110
84111
84112
84113
84114
84115
84116
84117
84118
84119
84120
84121
84122
84123
84124
84125
84126
84127
84128
84129
84130
84131
84132
84133
84134
84135
84136
84137
84138
84139
84140
84141
84142
84143
84144
84145
84146
84147
84148
84149
84150
84151
84152
84153
84154
84155
84156
84157
84158
84159
84160
84161
84162
84163
84164
84165
84166
84167
84168
84169
84170
84171
84172
84173
84174
84175
84176
84177
84178
84179
84180
84181
84182
84183
84184
84185
84186
84187
84188
84189
84190
84191
84192
72804
84193
84194
84195
84196
84197
84198
84199
84200
84201
84202
84203
84204
84205
84206
84207
84208
84209
84210
84211
84212
84213
84214
84215
84216
84217
84218
84219
84220
84221
84222
84223
84224
84225
84226
84227
84228
84229
84230
84231
84232
84233
84234
84235
84236
84237
84238
84239
84240
84241
84242
84243
84244
84245
84246
84247
84248
84249
84250
84251
84252
84253
84254
84255
84256
84257
84258
84259
84260
84261
84262
84263
84264
84265
84266
84267
84268
84269
84270
84271
84272
84273
84274
84275
84276
84277
84278
84279
84280
84281
84282
84283
84284
84285
84286
84287
84288
84289
84290
84291
84292
84293
84294
84295
84296
84297
84298
84299
84300
84301
84302
84303
84304
84305
84306
84307
84308
84309
84310
84311
84312
84313
84314
84315
84316
84317
84318
84319
84320
84321
84322
84323
84324
84325
84326
72115
84327
84328
84329
84330
84331
84332
84333
84334
84335
84336
84337
84338
84339
84340
84341
84342
84343
84344
84345
84346
84347
84348
84349
84350
84351
84352
84353
84354
84355
84356
84357
84358
84359
84360
84361
84362
84363
84364
84365
84366
84367
84368
84369
84370
84371
84372
84373
84374
84375
84376
84377
84378
84379
84380
84381
84382
84383
84384
84385
84386
84387
84388
84389
84390
84391
84392
84393
84394
84395
84396
84397
84398
84399
72041
71198
72043
71211
72045
71229
72047
71247
72049
71265
72051
71283
72054
72239
84400
84401
84402
84403
84404
84405
72081
84406
84407
84408
84409
84410
84411
84412
84413
84414
84415
84416
84417
84418
84419
84420
84421
84422
84423
84424
84425
84426
84427
84428
84429
84430
84431
84432
84433
84434
84435
84436
84437
84438
84439
84440
84441
84442
84443
84444
84445
84446
84447
84448
84449
84450
84451
84452
84453
84454
84455
84456
84457
84458
84459
84460
84461
84462
84463
84464
84465
84466
84467
84468
84469
84470
84471
84472
84473
84474
84475
84476
84477
84478
84479
84480
84481
84482
84483
84484
84485
84486
84487
84488
72748
72119
84489
84490
84491
84492
84493
84494
84495
84496
84497
84498
84499
84500
84501
84502
84503
84504
84505
84506
84507
84508
84509
84510
84511
84512
84513
84514
84515
72087
72088
84516
84517
84518
84519
84520
84521
84522
84523
84524
84525
84526
84527
84528
84529
84530
84531
84532
84533
84534
84535
84536
84537
84538
84539
84540
84541
84542
84543
84544
84545
84546
84547
84548
84549
84550
84551
84552
84553
84554
84555
84556
84557
84558
84559
84560
84561
84562
84563
84564
84565
84566
84567
84568
84569
84570
84571
84572
84573
84574
84575
84576
84577
84578
84579
84580
84581
84582
84583
84584
84585
84586
84587
84588
84589
84590
84591
84592
84593
84594
84595
84596
84597
84598
84599
84600
84601
84602
84603
84604
84605
84606
84607
84608
84609
84610
84611
84612
84613
84614
84615
84616
84617
84618
84619
84620
84621
84622
84623
84624
84625
84626
84627
84628
84629
84630
84631
84632
84633
84634
71184
84635
84636
84637
84638
84639
84640
84641
84642
84643
84644
84645
84646
84647
84648
84649
84650
84651
84652
84653
84654
84655
84656
84657
84658
84659
84660
84661
84662
84663
84664
84665
84666
84667
84668
84669
84670
84671
84672
84673
84674
84675
84676
84677
84678
84679
84680
84681
84682
84683
84684
84685
84686
84687
84688
84689
84690
84691
84692
84693
84694
84695
84696
84697
84698
84699
84700
84701
84702
84703
84704
84705
84706
84707
84708
84709
84710
84711
84712
84713
84714
84715
84716
84717
84718
84719
84720
84721
84722
84723
84724
84725
84726
84727
84728
84729
84730
72157
84731
84732
84733
84734
84735
84736
84737
84738
84739
84740
84741
84742
84743
84744
84745
84746
84747
84748
84749
84750
84751
84752
84753
84754
84755
84756
84757
84758
84759
84760
84761
84762
84763
84764
84765
84766
84767
84768
84769
84770
84771
84772
84773
84774
84775
84776
84777
84778
72803
72173
84779
72297
71193
84780
84781
84782
84783
84784
84785
71202
84786
84787
84788
84789
84790
84791
84792
84793
84794
84795
84796
84797
84798
84799
84800
84801
84802
84803
71206
84804
84805
84806
84807
84808
84809
71215
84810
84811
84812
84813
84814
84815
84816
84817
84818
84819
84820
84821
84822
84823
84824
84825
84826
84827
71224
84828
84829
84830
84831
84832
84833
71233
84834
84835
84836
84837
84838
84839
84840
84841
84842
84843
84844
84845
84846
84847
84848
84849
84850
84851
71242
84852
84853
84854
84855
84856
84857
71251
84858
84859
84860
84861
84862
84863
84864
84865
84866
84867
84868
84869
84870
84871
84872
84873
84874
84875
71260
84876
84877
84878
84879
84880
84881
71269
84882
84883
84884
84885
84886
84887
84888
84889
84890
84891
84892
84893
84894
84895
84896
84897
84898
84899
84900
84901
84902
84903
71278
84904
84905
84906
84907
84908
84909
84910
84911
84912
84913
84914
84915
71287
84916
84917
84918
84919
84920
84921
84922
84923
84924
84925
84926
84927
84928
84929
84930
84931
84932
84933
84934
84935
84936
84937
84938
84939
84940
84941
84942
84943
84944
84945
84946
84947
84948
84949
84950
84951
84952
84953
84954
84955
84956
84957
84958
72234
84959
84960
84961
84962
84963
84964
84965
84966
84967
84968
84969
84970
84971
84972
84973
84974
84975
84976
84977
84978
84979
84980
84981
84982
84983
84984
71296
84985
84986
84987
84988
84989
84990
84991
84992
84993
84994
84995
84996
84997
84998
84999
85000
85001
85002
85003
85004
85005
85006
85007
85008
85009
85010
85011
85012
85013
85014
85015
85016
85017
85018
85019
85020
85021
85022
85023
85024
85025
85026
85027
85028
85029
85030
85031
85032
85033
85034
85035
85036
85037
85038
85039
85040
85041
85042
85043
85044
72258
85045
85046
85047
85048
85049
85050
85051
72267
85052
85053
85054
85055
85056
85057
85058
71305
71314
85059
85060
85061
85062
71323
85063
85064
85065
71332
71341
85066
85067
85068
85069
85070
85071
85072
85073
85074
85075
85076
85077
85078
85079
85080
85081
85082
85083
85084
85085
85086
85087
85088
85089
85090
85091
85092
85093
85094
85095
85096
85097
85098
85099
85100
85101
85102
85103
85104
85105
85106
85107
85108
85109
85110
85111
85112
85113
85114
85115
85116
85117
85118
85119
85120
85121
85122
85123
85124
85125
85126
85127
85128
85129
85130
85131
85132
85133
85134
85135
85136
85137
85138
85139
85140
85141
85142
85143
85144
85145
85146
85147
85148
85149
85150
85151
85152
85153
85154
85155
85156
85157
85158
85159
85160
85161
85162
85163
85164
85165
85166
85167
85168
85169
85170
85171
85172
85173
85174
85175
85176
85177
85178
85179
85180
85181
85182
85183
85184
85185
85186
85187
85188
85189
85190
85191
85192
85193
85194
85195
85196
85197
85198
85199
85200
85201
85202
85203
85204
85205
85206
85207
85208
71365
71367
85209
85210
85211
85212
85213
85214
85215
85216
85217
85218
71375
71378
85219
85220
85221
85222
85223
85224
85225
85226
85227
85228
71386
71389
85229
85230
85231
85232
85233
85234
85235
85236
85237
85238
71398
71401
85239
85240
85241
85242
85243
85244
85245
85246
85247
85248
71407
72122
71410
85249
85250
85251
85252
85253
85254
85255
85256
85257
85258
85259
85260
85261
85262
85263
85264
85265
85266
85267
85268
85269
85270
85271
85272
85273
85274
85275
85276
85277
85278
85279
85280
85281
85282
85283
85284
85285
85286
85287
85288
85289
85290
85291
85292
85293
85294
85295
85296
85297
85298
85299
85300
85301
85302
85303
85304
85305
85306
85307
85308
85309
85310
85311
85312
85313
85314
85315
85316
85317
85318
85319
85320
85321
85322
85323
85324
85325
85326
85327
85328
85329
85330
85331
85332
85333
85334
85335
85336
85337
85338
85339
85340
85341
85342
85343
85344
85345
85346
85347
85348
85349
85350
85351
85352
85353
85354
85355
85356
85357
85358
85359
85360
85361
85362
85363
85364
85365
85366
85367
85368
85369
85370
85371
85372
85373
85374
85375
85376
85377
85378
85379
85380
85381
85382
85383
85384
85385
85386
85387
85388
85389
85390
85391
85392
85393
85394
85395
85396
85397
85398
85399
85400
85401
85402
85403
85404
85405
85406
85407
85408
85409
85410
85411
85412
85413
85414
85415
85416
85417
85418
85419
85420
85421
85422
85423
85424
85425
85426
85427
85428
85429
85430
85431
72295
85432
85433
85434
85435
72299
72805
85436
85437
85438
85439
85440
85441
85442
85443
85444
85445
85446
85447
85448
85449
85450
85451
85452
85453
85454
85455
85456
85457
85458
85459
85460
85461
85462
85463
85464
85465
85466
85467
85468
85469
85470
85471
85472
85473
85474
85475
85476
85477
85478
85479
85480
85481
85482
85483
85484
85485
85486
85487
85488
85489
85490
85491
85492
85493
85494
85495
85496
85497
85498
85499
85500
85501
85502
85503
85504
85505
85506
85507
85508
85509
85510
85511
85512
85513
85514
85515
85516
85517
85518
85519
85520
85521
85522
85523
85524
85525
85526
85527
85528
85529
85530
85531
85532
85533
85534
85535
85536
85537
85538
85539
85540
85541
85542
85543
85544
85545
85546
85547
85548
85549
85550
85551
85552
85553
85554
85555
85556
85557
85558
85559
85560
85561
85562
85563
85564
85565
85566
85567
85568
85569
85570
72346
85571
85572
85573
85574
85575
71494
71499
85576
85577
85578
71505
85579
85580
85581
85582
85583
71508
85584
71517
85585
85586
85587
85588
85589
85590
85591
85592
85593
85594
85595
85596
85597
85598
85599
85600
85601
85602
85603
85604
85605
85606
85607
85608
85609
85610
85611
85612
85613
85614
85615
85616
85617
85618
85619
85620
85621
85622
85623
85624
85625
85626
85627
85628
85629
85630
85631
85632
85633
85634
85635
85636
85637
85638
85639
85640
85641
85642
85643
85644
85645
85646
85647
85648
85649
85650
85651
85652
85653
85654
85655
85656
85657
85658
85659
85660
85661
85662
85663
85664
85665
85666
85667
85668
85669
85670
85671
85672
85673
85674
85675
85676
85677
85678
85679
85680
85681
85682
85683
85684
85685
85686
85687
85688
85689
85690
71538
85691
85692
85693
85694
85695
85696
85697
85698
85699
85700
85701
85702
85703
85704
85705
85706
85707
85708
85709
85710
85711
85712
85713
85714
85715
85716
85717
85718
85719
85720
85721
85722
85723
85724
85725
85726
85727
85728
85729
85730
85731
85732
85733
85734
85735
85736
85737
85738
85739
85740
85741
85742
85743
85744
85745
85746
85747
85748
85749
85750
85751
85752
85753
85754
85755
85756
85757
85758
85759
85760
85761
85762
85763
85764
85765
85766
85767
85768
72125
71547
71559
71574
71589
71604
71619
71634
85769
85770
85771
85772
85773
85774
85775
85776
85777
85778
85779
85780
85781
85782
85783
85784
85785
85786
85787
85788
85789
85790
85791
85792
85793
85794
85795
85796
85797
85798
85799
85800
85801
85802
85803
85804
85805
85806
85807
85808
85809
85810
85811
85812
85813
85814
85815
85816
85817
85818
85819
85820
85821
85822
85823
85824
85825
85826
85827
85828
85829
85830
85831
85832
85833
85834
85835
85836
85837
85838
85839
85840
85841
85842
85843
85844
85845
85846
85847
85848
85849
85850
85851
85852
85853
85854
85855
85856
85857
85858
85859
85860
85861
85862
85863
85864
85865
85866
85867
85868
85869
85870
85871
85872
85873
85874
85875
85876
85877
85878
85879
85880
85881
85882
85883
85884
85885
85886
85887
85888
85889
85890
85891
85892
85893
85894
85895
85896
85897
85898
85899
85900
85901
85902
85903
85904
85905
85906
85907
85908
85909
85910
85911
85912
85913
85914
85915
85916
85917
85918
85919
85920
85921
85922
85923
85924
85925
85926
85927
85928
85929
85930
85931
85932
85933
85934
85935
85936
85937
85938
85939
85940
85941
85942
85943
85944
85945
85946
85947
85948
85949
85950
85951
85952
85953
85954
85955
85956
85957
85958
85959
85960
85961
85962
85963
85964
85965
85966
85967
85968
85969
85970
85971
85972
85973
85974
85975
85976
85977
85978
85979
85980
85981
85982
85983
85984
85985
85986
85987
85988
85989
85990
85991
85992
85993
85994
85995
85996
85997
85998
85999
86000
86001
86002
86003
86004
86005
86006
86007
86008
86009
86010
86011
86012
86013
86014
86015
86016
86017
72427
86018
86019
86020
86021
86022
86023
86024
86025
86026
86027
86028
86029
86030
86031
86032
86033
86034
86035
86036
86037
86038
86039
86040
86041
86042
86043
86044
86045
86046
86047
86048
86049
86050
86051
86052
86053
86054
86055
86056
86057
86058
86059
86060
86061
86062
86063
86064
86065
86066
86067
86068
86069
86070
86071
86072
86073
86074
86075
86076
86077
86078
86079
86080
86081
86082
86083
86084
86085
86086
86087
86088
86089
86090
86091
86092
86093
86094
86095
86096
86097
86098
86099
86100
86101
86102
86103
86104
86105
86106
86107
86108
86109
86110
86111
86112
86113
86114
86115
86116
86117
86118
86119
86120
86121
86122
86123
86124
86125
86126
86127
86128
86129
86130
86131
86132
86133
86134
86135
86136
86137
86138
86139
86140
86141
86142
86143
86144
86145
86146
86147
86148
86149
86150
86151
86152
86153
86154
86155
86156
86157
86158
86159
86160
86161
86162
86163
86164
86165
86166
86167
86168
86169
86170
86171
86172
86173
86174
86175
86176
86177
86178
86179
86180
86181
86182
86183
86184
86185
86186
86187
86188
86189
86190
86191
86192
86193
86194
86195
86196
86197
86198
86199
86200
86201
86202
86203
86204
86205
86206
86207
86208
86209
86210
86211
86212
86213
86214
86215
86216
86217
86218
86219
86220
86221
86222
86223
86224
86225
86226
86227
86228
86229
86230
86231
86232
86233
86234
86235
86236
86237
86238
86239
86240
86241
86242
86243
86244
86245
86246
72040
72042
72044
72046
72048
72050
72052
72708
86247
86248
86249
86250
86251
72080
72089
72808
72084
86252
86253
86254
86255
86256
86257
86258
86259
86260
86261
86262
86263
86264
86265
86266
86267
86268
86269
86270
86271
86272
86273
86274
86275
86276
86277
86278
86279
86280
86281
86282
86283
86284
86285
86286
86287
86288
86289
86290
86291
86292
86293
86294
86295
86296
86297
86298
86299
86300
86301
86302
86303
86304
86305
86306
86307
86308
86309
86310
86311
86312
86313
86314
86315
86316
86317
86318
86319
86320
86321
86322
86323
86324
86325
86326
86327
86328
72120
72749
86329
86330
86331
86332
86333
86334
86335
86336
86337
86338
86339
86340
86341
86342
86343
86344
86345
86346
86347
86348
86349
86350
86351
86352
86353
86354
86355
86356
86357
86358
86359
86360
86361
86362
86363
86364
86365
86366
86367
86368
86369
86370
86371
86372
86373
86374
86375
0
3
5
7
9
11
13
15
17
35
33
86376
86377
86378
86379
86380
86381
86382
72988
1
2
4
6
8
10
12
14
16
86383
37
34
41
42
86384
86385
86386
86387
86388
72989
18
19
20
21
22
23
24
57
49
50
53
54
55
56
86389
86390
86391
72990
25
26
27
28
29
58
59
63
64
65
66
67
68
69
86392
72991
30
31
32
70
71
72
73
74
75
76
77
78
79
80
81
82
83
84
85
86
87
88
89
90
91
92
93
94
95
96
97
98
99
100
101
102
103
104
105
106
107
108
109
110
111
112
113
114
116
120
121
122
123
124
125
126
127
128
86393
132
133
136
137
138
139
140
141
142
143
145
146
149
150
151
152
153
154
155
156
159
86394
163
86395
38
86396
86397
36
86398
45
40
86399
86400
86401
184
135
86402
86403
86404
144
86405
148
86406
86407
86408
39
86409
43
86410
86411
86412
161
86413
188
147
86414
164
86415
86416
86417
86418
157
86419
86420
86421
86422
86423
86424
86425
86426
86427
86428
86429
86430
86431
168
86432
158
86433
86434
86435
86436
86437
171
86438
165
86439
86440
86441
86442
86443
169
86444
86445
86446
86447
86448
86449
86450
86451
86452
86453
86454
86455
86456
175
86457
86458
86459
86460
86461
86462
86463
166
86464
86465
86466
86467
86468
86469
86470
86471
86472
86473
86474
86475
86476
86477
86478
86479
86480
173
86481
86482
86483
86484
86485
86486
86487
86488
86489
86490
86491
86492
86493
86494
86495
86496
86497
86498
86499
86500
86501
86502
86503
86504
86505
86506
86507
86508
86509
179
86510
183
86511
86512
86513
86514
86515
86516
86517
86518
86519
86520
86521
86522
86523
86524
86525
86526
86527
86528
86529
86530
86531
86532
86533
86534
86535
86536
86537
86538
86539
86540
86541
86542
86543
86544
86545
86546
86547
86548
86549
86550
86551
86552
86553
86554
86555
86556
86557
181
170
86558
86559
86560
86561
86562
86563
178
86564
174
86565
86566
86567
86568
86569
86570
86571
86572
86573
86574
86575
86576
86577
86578
86579
86580
86581
86582
86583
86584
86585
182
86586
86587
86588
86589
86590
86591
86592
86593
86594
180
86595
86596
86597
86598
86599
86600
86601
86602
86603
86604
86605
86606
86607
86608
86609
86610
86611
86612
86613
86614
86615
86616
86617
86618
86619
86620
47
86621
130
86622
86623
86624
86625
86626
86627
86628
86629
86630
86631
86632
86633
86634
86635
86636
86637
86638
86639
86640
86641
86642
86643
86644
86645
86646
86647
86648
86649
86650
48
86651
86652
62
52
60
86653
86654
117
119
115
86655
86656
86657
131
86658
86659
86660
86661
86662
86663
160
86664
162
86665
86666
86667
190
44
86668
86669
86670
86671
86672
86673
86674
185
187
86675
86676
86677
86678
86679
86680
86681
86682
191
86683
176
86684
86685
86686
86687
86688
86689
86690
86691
86692
86693
86694
86695
86696
86697
86698
86699
86700
167
86701
86702
86703
86704
86705
86706
172
86707
86708
86709
86710
86711
86712
86713
86714
86715
86716
86717
86718
86719
86720
86721
86722
86723
46
51
86724
61
86725
86726
86727
86728
86729
86730
118
86731
129
134
86732
86733
86734
86735
86736
86737
186
86738
86739
86740
86741
86742
86743
86744
189
86745
86746
86747
86748
86749
86750
86751
86752
86753
86754
86755
86756
86757
86758
86759
86760
86761
86762
86763
86764
86765
86766
86767
86768
86769
86770
86771
86772
86773
86774
86775
86776
192
86777
86778
86779
86780
86781
86782
86783
86784
86785
86786
86787
86788
86789
86790
86791
86792
86793
86794
86795
177
86796
86797
86798
86799
86800
86801
86802
86803
)


// ************************************************************************* //
