/*--------------------------------*- C++ -*----------------------------------*\
  =========                 |
  \\      /  F ield         | OpenFOAM: The Open Source CFD Toolbox
   \\    /   O peration     | Website:  https://openfoam.org
    \\  /    A nd           | Version:  7
     \\/     M anipulation  |
\*---------------------------------------------------------------------------*/
FoamFile
{
    version     2.0;
    format      ascii;
    class       labelList;
    location    "constant/polyMesh";
    object      pointProcAddressing;
}
// * * * * * * * * * * * * * * * * * * * * * * * * * * * * * * * * * * * * * //


13174
(
111071
111072
111075
111130
111132
111166
111168
111196
111198
111222
111224
111246
111249
111270
111273
111294
111297
111322
111325
111352
111351
111488
111490
111109
111112
111113
111342
111369
111370
111078
111077
111080
111079
111082
111081
111084
111083
111086
111085
111088
111087
111090
111089
111092
111091
111094
111093
111096
111095
111098
111097
111100
111099
111102
111101
111104
111103
111106
111105
111108
111107
111133
111134
111135
111136
111137
111138
111139
111140
111141
111142
111143
111144
111145
111146
111147
111148
111151
111150
111169
111170
111171
111172
111173
111174
111175
111176
111177
111178
111179
111180
111181
111182
111183
111184
111185
111190
111188
111187
111199
111200
111201
111202
111203
111204
111205
111206
111207
111208
111209
111210
111211
111212
111213
111214
111215
111216
111225
111226
111227
111228
111229
111230
111231
111232
111233
111234
111235
111236
111237
111238
111239
111240
111241
111242
111250
111251
111252
111253
111254
111255
111256
111257
111258
111259
111260
111261
111262
111263
111264
111265
111266
111267
111274
111275
111276
111277
111278
111279
111280
111281
111282
111283
111284
111285
111286
111287
111288
111289
111290
111291
111298
111299
111300
111301
111302
111303
111304
111305
111306
111307
111308
111309
111310
111311
111312
111313
111314
111315
111318
111326
111327
111328
111329
111330
111331
111332
111333
111334
111335
111336
111337
111338
111339
111340
111341
111343
111350
111353
111354
111355
111356
111357
111358
111359
111360
111361
111362
111363
111364
111365
111366
111367
111121
111125
111127
111161
111163
111191
111193
111217
111219
111243
111247
111269
111271
111293
111295
111321
111323
111349
111486
111129
111124
111165
111131
111195
111167
111221
111197
111245
111223
111268
111248
111292
111272
111320
111296
111348
111324
111425
111426
111423
111430
111428
111434
111432
111391
111396
560
564
569
571
573
575
577
580
129799
129800
129801
129802
129803
129804
129805
129806
129807
129808
129809
129810
129811
129812
129813
129814
129815
129816
129817
129818
129819
129820
129821
129822
129823
129824
129825
129826
129827
129828
129829
129830
129831
129832
129833
129834
129835
129836
129837
129838
129839
129840
129841
129842
129843
129844
129845
129846
129847
129848
129849
129850
129851
129852
129853
129854
129855
129856
129857
129858
129859
129860
129861
129862
129863
129864
129865
129866
129867
129868
129869
129870
129871
129872
129873
129874
129875
129876
129877
129878
129879
129880
129881
129882
129883
129884
129885
129886
129887
129888
129889
129890
129891
129892
129893
129894
129895
129896
129897
129898
129899
129900
129901
129902
129903
129904
129905
129906
129907
129908
129909
129910
129911
129912
129913
129914
129915
129916
129917
129918
129919
129920
129921
129922
129923
129924
129925
129926
129927
129928
129929
129930
129931
129932
129933
129934
129935
129936
129937
129938
129939
129940
129941
129942
129943
129944
129945
129946
129947
129948
129949
129950
129951
129952
129953
129954
129955
129956
129957
129958
129959
129960
129961
129962
129963
129964
129965
129966
129967
129968
129969
129970
129971
129972
129973
129974
129975
129976
129977
129978
129979
129980
129981
129982
129983
129984
129985
129986
129987
129988
129989
129990
129991
129992
129993
129994
129995
129996
129997
129998
129999
130000
130001
130002
130003
130004
130005
130006
130007
130008
130009
130010
130011
130012
130013
130014
130015
130016
130017
130018
130019
130020
130021
130022
130023
130024
130025
130026
562
563
568
570
572
574
576
578
599
130027
130028
130029
130030
130031
130032
130033
130034
130035
130036
130037
130038
130039
130040
130041
130042
130043
130044
130045
130046
130047
130048
130049
130050
130051
130052
130053
130054
130055
130056
130057
130058
130059
130060
130061
130062
130063
130064
130065
130066
130067
130068
130069
130070
130071
130072
130073
130074
130075
130076
130077
130078
130079
130080
130081
130082
130083
130084
130085
130086
130087
130088
130089
130090
130091
130092
130093
130094
130095
130096
130097
130098
130099
130100
130101
130102
130103
130104
130105
130106
130107
130108
130109
130110
130111
130112
130113
130114
130115
130116
130117
130118
130119
130120
130121
130122
130123
130124
130125
130126
130127
130128
130129
130130
130131
130132
130133
130134
130135
130136
130137
130138
130139
130140
130141
130142
130143
130144
130145
130146
130147
130148
130149
130150
130151
130152
130153
130154
130155
130156
130157
130158
130159
130160
130161
130162
130163
130164
130165
130166
130167
130168
130169
130170
130171
130172
130173
130174
130175
130176
130177
130178
130179
130180
130181
130182
130183
130184
130185
130186
130187
130188
130189
130190
130191
130192
130193
130194
130195
130196
130197
130198
130199
130200
130201
130202
130203
130204
130205
130206
130207
130208
130209
130210
130211
130212
130213
130214
130215
130216
130217
130218
130219
130220
130221
130222
130223
130224
130225
130226
130227
130228
130229
130230
130231
130232
130233
130234
130235
130236
130237
130238
130239
130240
130241
130242
130243
130244
130245
130246
130247
130248
130249
130250
130251
130252
130253
130254
130255
130256
130257
130258
130259
130260
130261
130262
130263
588
589
592
593
594
595
596
597
598
130264
130265
130266
130267
130268
130269
130270
130271
130272
130273
130274
130275
130276
130277
130278
130279
130280
130281
130282
130283
130284
130285
130286
130287
130288
130289
130290
130291
130292
130293
130294
130295
130296
130297
130298
130299
130300
130301
130302
130303
130304
130305
130306
130307
130308
130309
130310
130311
130312
130313
130314
130315
130316
130317
130318
130319
130320
130321
130322
130323
130324
130325
130326
130327
130328
130329
130330
130331
130332
130333
130334
130335
130336
130337
130338
130339
130340
130341
130342
130343
130344
130345
130346
130347
130348
130349
130350
130351
130352
130353
130354
130355
130356
130357
130358
130359
130360
130361
130362
130363
130364
130365
130366
130367
130368
130369
130370
130371
130372
130373
130374
130375
130376
130377
130378
130379
130380
130381
130382
130383
130384
130385
130386
130387
130388
130389
130390
130391
130392
130393
130394
130395
130396
130397
130398
130399
130400
130401
130402
130403
130404
130405
130406
130407
130408
130409
130410
130411
130412
130413
130414
130415
130416
130417
130418
130419
130420
130421
130422
130423
130424
130425
130426
130427
130428
130429
130430
130431
130432
130433
130434
130435
130436
130437
130438
130439
130440
130441
130442
130443
130444
130445
130446
130447
130448
130449
130450
130451
130452
130453
130454
130455
130456
130457
130458
130459
130460
130461
130462
130463
130464
130465
130466
130467
130468
130469
130470
130471
130472
130473
130474
130475
130476
130477
130478
130479
130480
130481
130482
130483
130484
130485
130486
130487
130488
130489
130490
130491
130492
130493
130494
130495
130496
130497
130498
130499
130500
607
609
610
611
612
613
614
615
616
130501
130502
130503
130504
130505
130506
130507
130508
130509
130510
130511
130512
130513
130514
130515
130516
130517
130518
130519
130520
130521
130522
130523
130524
130525
130526
130527
130528
130529
130530
130531
130532
130533
130534
130535
130536
130537
130538
130539
130540
130541
130542
130543
130544
130545
130546
130547
130548
130549
130550
130551
130552
130553
130554
130555
130556
130557
130558
130559
130560
130561
130562
130563
130564
130565
130566
130567
130568
130569
130570
130571
130572
130573
130574
130575
130576
130577
130578
130579
130580
130581
130582
130583
130584
130585
130586
130587
130588
130589
130590
130591
130592
130593
130594
130595
130596
130597
130598
130599
130600
130601
130602
130603
130604
130605
130606
130607
130608
130609
130610
130611
130612
130613
130614
130615
130616
130617
130618
130619
130620
130621
130622
130623
130624
130625
130626
130627
130628
130629
130630
130631
130632
130633
130634
130635
130636
130637
130638
130639
130640
130641
130642
130643
130644
130645
130646
130647
130648
130649
130650
130651
130652
130653
130654
130655
130656
130657
130658
130659
130660
130661
130662
130663
130664
130665
130666
130667
130668
130669
130670
130671
130672
130673
130674
130675
130676
130677
130678
130679
130680
130681
130682
130683
130684
130685
130686
130687
130688
130689
130690
130691
130692
130693
130694
130695
130696
130697
130698
130699
130700
130701
130702
130703
130704
130705
130706
130707
130708
130709
130710
130711
130712
130713
130714
130715
130716
130717
130718
130719
130720
130721
130722
130723
130724
130725
130726
130727
130728
130729
130730
130731
130732
130733
130734
130735
130736
130737
619
621
622
623
624
625
626
627
628
130738
130739
130740
130741
130742
130743
130744
130745
130746
130747
130748
130749
130750
130751
130752
130753
130754
130755
130756
130757
130758
130759
130760
130761
130762
130763
130764
130765
130766
130767
130768
130769
130770
130771
130772
130773
130774
130775
130776
130777
130778
130779
130780
130781
130782
130783
130784
130785
130786
130787
130788
130789
130790
130791
130792
130793
130794
130795
130796
130797
130798
130799
130800
130801
130802
130803
130804
130805
130806
130807
130808
130809
130810
130811
130812
130813
130814
130815
130816
130817
130818
130819
130820
130821
130822
130823
130824
130825
130826
130827
130828
130829
130830
130831
130832
130833
130834
130835
130836
130837
130838
130839
130840
130841
130842
130843
130844
130845
130846
130847
130848
130849
130850
130851
130852
130853
130854
130855
130856
130857
130858
130859
130860
130861
130862
130863
130864
130865
130866
130867
130868
130869
130870
130871
130872
130873
130874
130875
130876
130877
130878
130879
130880
130881
130882
130883
130884
130885
130886
130887
130888
130889
130890
130891
130892
130893
130894
130895
130896
130897
130898
130899
130900
130901
130902
130903
130904
130905
130906
130907
130908
130909
130910
130911
130912
130913
130914
130915
130916
130917
130918
130919
130920
130921
130922
130923
130924
130925
130926
130927
130928
130929
130930
130931
130932
130933
130934
130935
130936
130937
130938
130939
130940
130941
130942
130943
130944
130945
130946
130947
130948
130949
130950
130951
130952
130953
130954
130955
130956
130957
130958
130959
130960
130961
130962
130963
130964
130965
130966
130967
130968
130969
130970
130971
130972
130973
130974
631
633
634
635
636
637
638
639
640
130975
130976
130977
130978
130979
130980
130981
130982
130983
130984
130985
130986
130987
130988
130989
130990
130991
130992
130993
130994
130995
130996
130997
130998
130999
131000
131001
131002
131003
131004
131005
131006
131007
131008
131009
131010
131011
131012
131013
131014
131015
131016
131017
131018
131019
131020
131021
131022
131023
131024
131025
131026
131027
131028
131029
131030
131031
131032
131033
131034
131035
131036
131037
131038
131039
131040
131041
131042
131043
131044
131045
131046
131047
131048
131049
131050
131051
131052
131053
131054
131055
131056
131057
131058
131059
131060
131061
131062
131063
131064
131065
131066
131067
131068
131069
131070
131071
131072
131073
131074
131075
131076
131077
131078
131079
131080
131081
131082
131083
131084
131085
131086
131087
131088
131089
131090
131091
131092
131093
131094
131095
131096
131097
131098
131099
131100
131101
131102
131103
131104
131105
131106
131107
131108
131109
131110
131111
131112
131113
131114
131115
131116
131117
131118
131119
131120
131121
131122
131123
131124
131125
131126
131127
131128
131129
131130
131131
131132
131133
131134
131135
131136
131137
131138
131139
131140
131141
131142
131143
131144
131145
131146
131147
131148
131149
131150
131151
131152
131153
131154
131155
131156
131157
131158
131159
131160
131161
131162
131163
131164
131165
131166
131167
131168
131169
131170
131171
131172
131173
131174
131175
131176
131177
131178
131179
131180
131181
131182
131183
131184
131185
131186
131187
131188
131189
131190
131191
131192
131193
131194
131195
131196
131197
131198
131199
131200
131201
131202
131203
131204
131205
131206
131207
131208
131209
131210
131211
643
645
646
647
648
649
650
651
652
131212
131213
131214
131215
131216
131217
131218
131219
131220
131221
131222
131223
131224
131225
131226
131227
131228
131229
131230
131231
131232
131233
131234
131235
131236
131237
131238
131239
131240
131241
131242
131243
131244
131245
131246
131247
131248
131249
131250
131251
131252
131253
131254
131255
131256
131257
131258
131259
131260
131261
131262
131263
131264
131265
131266
131267
131268
131269
131270
131271
131272
131273
131274
131275
131276
131277
131278
131279
131280
131281
131282
131283
131284
131285
131286
131287
131288
131289
131290
131291
131292
131293
131294
131295
131296
131297
131298
131299
131300
131301
131302
131303
131304
131305
131306
131307
131308
131309
131310
131311
131312
131313
131314
131315
131316
131317
131318
131319
131320
131321
131322
131323
131324
131325
131326
131327
131328
131329
131330
131331
131332
131333
131334
131335
131336
131337
131338
131339
131340
131341
131342
131343
131344
131345
131346
131347
131348
131349
131350
131351
131352
131353
131354
131355
131356
131357
131358
131359
131360
131361
131362
131363
131364
131365
131366
131367
131368
131369
131370
131371
131372
131373
131374
131375
131376
131377
131378
131379
131380
131381
131382
131383
131384
131385
131386
131387
131388
131389
131390
131391
131392
131393
131394
131395
131396
131397
131398
131399
131400
131401
131402
131403
131404
131405
131406
131407
131408
131409
131410
131411
131412
131413
131414
131415
131416
131417
131418
131419
131420
131421
131422
131423
131424
131425
131426
131427
131428
131429
131430
131431
131432
131433
131434
131435
131436
131437
131438
131439
131440
131441
131442
131443
131444
131445
131446
131447
131448
655
657
658
659
660
661
662
663
664
131449
131450
131451
131452
131453
131454
131455
131456
131457
131458
131459
131460
131461
131462
131463
131464
131465
131466
131467
131468
131469
131470
131471
131472
131473
131474
131475
131476
131477
131478
131479
131480
131481
131482
131483
131484
131485
131486
131487
131488
131489
131490
131491
131492
131493
131494
131495
131496
131497
131498
131499
131500
131501
131502
131503
131504
131505
131506
131507
131508
131509
131510
131511
131512
131513
131514
131515
131516
131517
131518
131519
131520
131521
131522
131523
131524
131525
131526
131527
131528
131529
131530
131531
131532
131533
131534
131535
131536
131537
131538
131539
131540
131541
131542
131543
131544
131545
131546
131547
131548
131549
131550
131551
131552
131553
131554
131555
131556
131557
131558
131559
131560
131561
131562
131563
131564
131565
131566
131567
131568
131569
131570
131571
131572
131573
131574
131575
131576
131577
131578
131579
131580
131581
131582
131583
131584
131585
131586
131587
131588
131589
131590
131591
131592
131593
131594
131595
131596
131597
131598
131599
131600
131601
131602
131603
131604
131605
131606
131607
131608
131609
131610
131611
131612
131613
131614
131615
131616
131617
131618
131619
131620
131621
131622
131623
131624
131625
131626
131627
131628
131629
131630
131631
131632
131633
131634
131635
131636
131637
131638
131639
131640
131641
131642
131643
131644
131645
131646
131647
131648
131649
131650
131651
131652
131653
131654
131655
131656
131657
131658
131659
131660
131661
131662
131663
131664
131665
131666
131667
131668
131669
131670
131671
131672
131673
131674
131675
131676
131677
131678
131679
131680
131681
131682
131683
131684
131685
667
671
672
673
674
675
676
677
679
131686
131687
131688
131689
131690
131691
131692
131693
131694
131695
131696
131697
131698
131699
131700
131701
131702
131703
131704
131705
131706
131707
131708
131709
131710
131711
131712
131713
131714
131715
131716
131717
131718
131719
131720
131721
131722
131723
131724
131725
131726
131727
131728
131729
131730
131731
131732
131733
131734
131735
131736
131737
131738
131739
131740
131741
131742
131743
131744
131745
131746
131747
131748
131749
131750
131751
131752
131753
131754
131755
131756
131757
131758
131759
131760
131761
131762
131763
131764
131765
131766
131767
131768
131769
131770
131771
131772
131773
131774
131775
131776
131777
131778
131779
131780
131781
131782
131783
131784
131785
131786
131787
131788
131789
131790
131791
131792
131793
131794
131795
131796
131797
131798
131799
131800
131801
131802
131803
131804
131805
131806
131807
131808
131809
131810
131811
131812
131813
131814
131815
131816
131817
131818
131819
131820
131821
131822
131823
131824
131825
131826
131827
131828
131829
131830
131831
131832
131833
131834
131835
131836
131837
131838
131839
131840
131841
131842
131843
131844
131845
131846
131847
131848
131849
131850
131851
131852
131853
131854
131855
131856
131857
131858
131859
131860
131861
131862
131863
131864
131865
131866
131867
131868
131869
131870
131871
131872
131873
131874
131875
131876
131877
131878
131879
131880
131881
131882
131883
131884
131885
131886
131887
131888
131889
131890
131891
131892
131893
131894
131895
131896
131897
131898
131899
131900
131901
131902
131903
131904
131905
131906
131907
131908
131909
131910
131911
131912
131913
131914
131915
131916
131917
131918
131919
131920
131921
131922
684
686
692
693
694
695
696
697
131923
131924
131925
131926
131927
131928
131929
131930
131931
131932
131933
131934
131935
131936
131937
131938
131939
131940
131941
131942
131943
131944
131945
131946
131947
131948
131949
131950
131951
131952
131953
131954
131955
131956
131957
131958
131959
131960
131961
131962
131963
131964
131965
131966
131967
131968
131969
131970
131971
131972
131973
131974
131975
131976
131977
131978
131979
131980
131981
131982
131983
131984
131985
131986
131987
131988
131989
131990
131991
131992
131993
131994
131995
131996
131997
131998
131999
132000
132001
132002
132003
132004
132005
132006
132007
132008
132009
132010
132011
132012
132013
132014
132015
132016
132017
132018
132019
132020
132021
132022
132023
132024
132025
132026
132027
132028
132029
132030
132031
132032
132033
132034
132035
132036
132037
132038
132039
132040
132041
132042
132043
132044
132045
132046
132047
132048
132049
132050
132051
132052
132053
132054
132055
132056
132057
132058
132059
132060
132061
132062
132063
132064
132065
132066
132067
132068
132069
132070
132071
132072
132073
132074
132075
132076
132077
132078
132079
132080
132081
132082
132083
132084
132085
132086
132087
132088
132089
132090
132091
132092
132093
132094
132095
132096
132097
132098
132099
132100
132101
132102
132103
132104
132105
132106
132107
132108
132109
132110
132111
132112
132113
132114
132115
132116
132117
132118
132119
132120
132121
132122
132123
132124
132125
132126
132127
132128
132129
132130
132131
132132
132133
132134
132135
132136
132137
132138
132139
132140
132141
132142
132143
132144
132145
132146
132147
132148
132149
132150
132151
132152
132153
132154
132155
132156
132157
132158
132159
132160
132161
706
707
710
711
712
713
714
132162
132163
132164
132165
132166
132167
132168
132169
132170
132171
132172
132173
132174
132175
132176
132177
132178
132179
132180
132181
132182
132183
132184
132185
132186
132187
132188
132189
132190
132191
132192
132193
132194
132195
132196
132197
132198
132199
132200
132201
132202
132203
132204
132205
132206
132207
132208
132209
132210
132211
132212
132213
132214
132215
132216
132217
132218
132219
132220
132221
132222
132223
132224
132225
132226
132227
132228
132229
132230
132231
132232
132233
132234
132235
132236
132237
132238
132239
132240
132241
132242
132243
132244
132245
132246
132247
132248
132249
132250
132251
132252
132253
132254
132255
132256
132257
132258
132259
132260
132261
132262
132263
132264
132265
132266
132267
132268
132269
132270
132271
132272
132273
132274
132275
132276
132277
132278
132279
132280
132281
132282
132283
132284
132285
132286
132287
132288
132289
132290
132291
132292
132293
132294
132295
132296
132297
132298
132299
132300
132301
132302
132303
132304
132305
132306
132307
132308
132309
132310
132311
132312
132313
132314
132315
132316
132317
132318
132319
132320
132321
132322
132323
132324
132325
132326
132327
132328
132329
132330
132331
132332
132333
132334
132335
132336
132337
132338
132339
132340
132341
132342
132343
132344
132345
132346
132347
132348
132349
132350
132351
132352
132353
132354
132355
132356
132357
132358
132359
132360
132361
132362
132363
132364
132365
132366
132367
132368
132369
132370
132371
132372
585
132373
132374
111381
132375
132376
132377
132378
132379
132380
132381
132382
132383
132384
132385
132386
132387
132388
132389
132390
132391
132392
132393
132394
132395
111117
132396
132397
132398
132399
132400
132401
132402
132403
132404
132405
132406
132407
132408
132409
132410
132411
132412
132413
132414
132415
132416
132417
132418
132419
132420
132421
719
132422
132423
132424
132425
132426
132427
132428
132429
132430
132431
132432
132433
132434
132435
132436
111373
132437
132438
132439
132440
132441
132442
132443
132444
582
132445
132446
579
132447
132448
132449
132450
132451
132452
132453
132454
132455
132456
132457
132458
132459
132460
132461
132462
132463
111065
132464
132465
132466
132467
132468
132469
132470
132471
132472
132473
132474
132475
132476
132477
132478
132479
132480
132481
132482
132483
132484
132485
132486
132487
132488
132489
132490
132491
132492
132493
132494
132495
132496
132497
132498
132499
132500
132501
132502
132503
132504
132505
132506
132507
132508
132509
132510
132511
132512
132513
132514
132515
132516
132517
132518
132519
132520
132521
132522
132523
132524
132525
132526
132527
132528
132529
132530
132531
132532
132533
132534
132535
132536
132537
132538
132539
132540
132541
132542
132543
132544
132545
132546
132547
132548
132549
132550
132551
132552
132553
132554
132555
132556
132557
132558
111110
132559
132560
132561
132562
132563
132564
132565
132566
132567
132568
132569
132570
132571
132572
132573
132574
132575
132576
132577
132578
132579
132580
132581
132582
132583
132584
132585
132586
132587
132588
132589
583
602
600
132590
132591
132592
132593
132594
132595
132596
132597
132598
132599
132600
132601
132602
111122
132603
132604
132605
132606
132607
132608
132609
132610
132611
132612
132613
132614
132615
132616
132617
132618
132619
132620
132621
132622
132623
132624
132625
132626
132627
132628
132629
132630
132631
132632
132633
132634
132635
132636
132637
132638
132639
132640
132641
132642
132643
132644
132645
132646
132647
132648
132649
132650
132651
132652
132653
132654
132655
132656
132657
132658
132659
132660
111114
132661
132662
132663
132664
132665
132666
132667
132668
132669
132670
132671
132672
132673
132674
132675
132676
132677
132678
132679
132680
132681
132682
111155
132683
132684
132685
132686
132687
132688
132689
132690
132691
132692
132693
132694
132695
132696
132697
132698
132699
132700
132701
132702
132703
132704
132705
132706
132707
132708
132709
132710
132711
132712
132713
132714
132715
132716
132717
132718
132719
132720
132721
132722
132723
132724
132725
132726
132727
132728
132729
132730
132731
132732
132733
132734
132735
132736
132737
132738
132739
132740
132741
132742
132743
132744
132745
132746
132747
132748
132749
132750
132751
132752
132753
132754
132755
132756
132757
132758
132759
132760
132761
132762
132763
132764
132765
132766
132767
132768
132769
132770
132771
132772
132773
132774
132775
132776
688
700
788
132777
132778
132779
132780
715
132781
132782
132783
132784
132785
132786
132787
132788
132789
132790
132791
132792
132793
132794
132795
132796
132797
132798
132799
132800
132801
132802
132803
132804
132805
132806
132807
132808
132809
132810
132811
132812
132813
132814
132815
132816
132817
132818
132819
132820
132821
132822
132823
132824
132825
132826
132827
132828
132829
132830
132831
132832
132833
132834
132835
132836
132837
132838
132839
132840
132841
132842
132843
132844
132845
132846
132847
132848
132849
132850
132851
111345
132852
132853
132854
132855
132856
132857
132858
132859
132860
132861
132862
132863
132864
132865
132866
132867
132868
132869
132870
132871
132872
132873
132874
132875
132876
132877
111535
132878
132879
132880
132881
132882
132883
132884
132885
132886
132887
132888
132889
132890
767
717
132891
132892
132893
132894
132895
132896
132897
132898
132899
132900
132901
132902
132903
132904
132905
132906
132907
132908
132909
132910
132911
132912
132913
132914
132915
132916
132917
132918
132919
132920
132921
132922
132923
132924
132925
132926
132927
132928
132929
132930
132931
132932
132933
132934
132935
132936
132937
132938
132939
132940
132941
132942
132943
132944
132945
111371
132946
132947
132948
132949
132950
132951
132952
132953
132954
132955
132956
132957
132958
132959
132960
132961
132962
132963
132964
132965
132966
132967
581
721
132968
601
132969
132970
132971
132972
132973
132974
132975
132976
132977
132978
111063
111379
132979
132980
132981
132982
132983
132984
132985
132986
132987
132988
132989
132990
132991
132992
132993
132994
132995
132996
132997
132998
132999
133000
133001
133002
133003
133004
133005
133006
133007
133008
133009
133010
133011
133012
133013
133014
133015
133016
133017
133018
133019
133020
133021
133022
133023
133024
133025
133026
133027
133028
133029
133030
133031
133032
133033
133034
133035
133036
133037
133038
133039
133040
133041
133042
133043
133044
133045
133046
133047
133048
133049
133050
133051
133052
133053
133054
133055
133056
111111
133057
133058
133059
133060
133061
133062
133063
133064
133065
133066
133067
133068
133069
133070
111153
133071
133072
133073
133074
133075
133076
133077
133078
133079
133080
133081
133082
133083
133084
133085
133086
133087
133088
133089
133090
133091
133092
133093
133094
133095
133096
133097
133098
133099
133100
133101
133102
133103
133104
133105
133106
133107
133108
133109
133110
133111
133112
133113
133114
133115
133116
133117
133118
133119
133120
133121
133122
133123
133124
133125
133126
133127
133128
133129
133130
133131
133132
133133
133134
133135
133136
133137
133138
133139
133140
133141
133142
133143
133144
133145
783
718
133146
133147
133148
133149
133150
133151
133152
133153
133154
133155
133156
133157
133158
133159
133160
133161
133162
133163
133164
133165
111346
133166
133167
133168
133169
133170
133171
133172
133173
133174
703
133175
716
133176
737
133177
133178
133179
133180
133181
133182
133183
133184
133185
133186
133187
133188
133189
133190
133191
133192
133193
133194
133195
133196
133197
133198
133199
133200
133201
133202
133203
133204
133205
133206
133207
133208
133209
133210
133211
133212
133213
133214
133215
133216
133217
133218
133219
133220
133221
133222
133223
133224
133225
133226
133227
133228
133229
133230
133231
133232
133233
133234
133235
133236
133237
133238
111368
133239
133240
133241
133242
133243
133244
133245
133246
133247
133248
133249
111404
133250
133251
133252
133253
133254
133255
133256
133257
133258
133259
133260
133261
133262
133263
133264
133265
133266
133267
133268
133269
133270
133271
133272
133273
133274
111115
133275
133276
133277
133278
133279
133280
133281
133282
133283
133284
133285
584
133286
133287
133288
133289
133290
133291
133292
133293
133294
133295
133296
133297
133298
133299
133300
133301
133302
133303
133304
133305
133306
133307
743
133308
133309
111410
133310
133311
133312
133313
133314
133315
133316
133317
133318
133319
133320
133321
133322
133323
133324
133325
133326
133327
133328
133329
133330
133331
133332
133333
133334
133335
133336
133337
133338
133339
133340
133341
133342
133343
133344
133345
133346
133347
133348
133349
133350
133351
133352
111412
133353
133354
133355
133356
133357
133358
133359
133360
133361
133362
133363
133364
133365
133366
133367
133368
133369
133370
133371
133372
133373
133374
133375
133376
133377
133378
133379
133380
133381
133382
133383
133384
133385
133386
133387
133388
133389
133390
133391
133392
133393
133394
133395
133396
133397
133398
756
133399
133400
133401
133402
111418
133403
133404
133405
133406
133407
133408
133409
133410
133411
133412
133413
133414
133415
133416
133417
133418
133419
133420
133421
133422
111420
133423
133424
133425
133426
133427
133428
133429
133430
133431
133432
565
133433
133434
561
133435
133436
133437
133438
133439
133440
133441
133442
133443
133444
133445
133446
133447
133448
133449
567
133450
133451
133452
133453
133454
133455
133456
133457
133458
133459
133460
133461
133462
133463
133464
133465
133466
133467
133468
133469
133470
133471
133472
133473
133474
133475
133476
133477
133478
133479
133480
133481
133482
133483
133484
133485
133486
133487
133488
133489
133490
133491
133492
133493
133494
133495
133496
133497
133498
133499
133500
133501
133502
133503
133504
133505
133506
133507
133508
133509
133510
133511
133512
133513
133514
133515
133516
133517
133518
133519
133520
133521
133522
133523
133524
133525
133526
133527
133528
133529
133530
133531
133532
133533
133534
133535
133536
133537
133538
133539
133540
133541
133542
133543
133544
133545
133546
133547
133548
133549
133550
133551
133552
133553
133554
133555
133556
133557
133558
133559
133560
133561
133562
133563
133564
133565
133566
133567
133568
133569
133570
133571
133572
133573
133574
133575
133576
133577
133578
133579
133580
133581
133582
133583
133584
133585
133586
133587
133588
133589
133590
133591
133592
133593
133594
133595
133596
133597
111383
133598
133599
133600
133601
133602
133603
133604
133605
133606
133607
111116
111119
133608
133609
133610
133611
133612
133613
133614
133615
133616
133617
133618
133619
133620
133621
133622
133623
133624
133625
133626
133627
133628
133629
133630
133631
133632
133633
133634
133635
133636
133637
133638
133639
133640
133641
133642
133643
133644
133645
133646
133647
133648
133649
133650
133651
133652
133653
133654
133655
133656
133657
133658
133659
133660
133661
133662
133663
133664
133665
133666
133667
133668
133669
133670
133671
133672
133673
133674
133675
133676
133677
133678
133679
133680
133681
133682
133683
133684
133685
133686
133687
133688
133689
133690
133691
133692
133693
133694
133695
133696
133697
133698
133699
133700
133701
133702
133703
133704
133705
133706
133707
133708
133709
133710
133711
133712
771
730
738
133713
133714
133715
133716
133717
133718
133719
133720
133721
133722
133723
111394
133724
133725
133726
133727
133728
133729
133730
133731
133732
133733
133734
133735
133736
133737
133738
133739
133740
133741
133742
133743
133744
133745
133746
133747
133748
133749
133750
133751
133752
133753
133754
133755
133756
133757
133758
133759
133760
133761
133762
133763
133764
133765
133766
133767
111405
111375
133768
133769
133770
133771
133772
133773
133774
133775
133776
133777
133778
133779
133780
133781
133782
133783
133784
133785
133786
133787
111492
133788
133789
133790
133791
133792
133793
133794
133795
133796
133797
133798
111120
133799
133800
133801
133802
133803
133804
133805
133806
133807
133808
133809
133810
133811
133812
133813
133814
133815
133816
133817
133818
133819
133820
133821
133822
133823
133824
133825
133826
133827
133828
133829
133830
133831
133832
133833
133834
133835
133836
133837
133838
133839
133840
133841
133842
133843
133844
133845
133846
133847
133848
133849
133850
133851
133852
133853
133854
133855
133856
133857
133858
133859
133860
133861
133862
133863
133864
133865
133866
133867
133868
133869
133870
133871
133872
133873
133874
133875
133876
133877
133878
133879
133880
133881
133882
133883
133884
133885
133886
133887
133888
133889
133890
133891
133892
133893
133894
133895
133896
133897
133898
133899
133900
133901
133902
133903
133904
133905
133906
133907
133908
133909
133910
133911
133912
133913
133914
133915
133916
133917
133918
133919
133920
133921
133922
133923
133924
133925
133926
133927
133928
133929
133930
133931
133932
133933
133934
133935
133936
133937
133938
133939
133940
133941
133942
133943
133944
133945
133946
133947
133948
133949
133950
133951
133952
133953
133954
133955
133956
774
133957
740
133958
133959
133960
133961
133962
133963
133964
111497
133965
133966
133967
133968
133969
133970
133971
133972
133973
133974
133975
133976
133977
133978
133979
133980
133981
133982
133983
133984
133985
133986
133987
133988
133989
133990
133991
133992
133993
133994
133995
133996
133997
133998
133999
134000
134001
134002
134003
134004
134005
134006
134007
134008
134009
134010
134011
134012
134013
134014
134015
134016
134017
134018
134019
134020
134021
134022
134023
134024
134025
134026
134027
134028
134029
134030
134031
134032
134033
134034
134035
134036
134037
134038
134039
134040
134041
111407
134042
134043
134044
134045
134046
134047
134048
134049
134050
134051
134052
134053
134054
134055
134056
134057
134058
134059
134060
134061
134062
134063
134064
134065
134066
134067
134068
134069
134070
134071
134072
134073
134074
134075
134076
566
134077
747
134078
134079
134080
134081
134082
134083
111408
111409
134084
134085
134086
134087
134088
134089
134090
134091
111118
134092
134093
134094
134095
134096
134097
134098
134099
134100
134101
134102
134103
134104
134105
134106
134107
134108
134109
134110
134111
134112
134113
134114
134115
134116
134117
134118
134119
134120
134121
134122
134123
134124
134125
134126
134127
134128
134129
134130
134131
134132
134133
134134
134135
134136
134137
134138
134139
134140
134141
134142
134143
134144
134145
134146
134147
134148
134149
134150
134151
134152
134153
134154
134155
134156
134157
134158
134159
134160
134161
134162
134163
134164
134165
134166
134167
134168
134169
134170
134171
134172
134173
134174
134175
134176
134177
134178
134179
134180
134181
134182
134183
134184
134185
134186
134187
134188
134189
134190
134191
134192
134193
134194
134195
134196
134197
134198
134199
134200
134201
134202
134203
134204
134205
134206
134207
134208
134209
134210
134211
111416
134212
134213
134214
134215
134216
134217
134218
134219
134220
134221
134222
134223
134224
134225
134226
134227
134228
134229
134230
134231
134232
134233
134234
134235
134236
134237
134238
134239
134240
134241
134242
134243
134244
134245
134246
134247
134248
134249
134250
134251
134252
134253
134254
134255
134256
134257
134258
134259
134260
134261
134262
134263
134264
134265
134266
134267
134268
134269
134270
134271
134272
111509
134273
134274
134275
134276
134277
134278
134279
134280
134281
134282
134283
134284
134285
134286
134287
134288
111389
134289
134290
134291
134292
134293
134294
134295
134296
134297
134298
134299
134300
134301
134302
134303
134304
134305
134306
134307
134308
134309
134310
134311
134312
134313
134314
134315
134316
134317
134318
134319
134320
134321
134322
134323
134324
134325
134326
134327
134328
134329
134330
134331
134332
134333
134334
134335
134336
134337
134338
134339
134340
134341
134342
134343
134344
134345
134346
134347
134348
134349
134350
134351
134352
134353
134354
134355
134356
134357
134358
134359
134360
134361
134362
134363
134364
134365
134366
134367
134368
134369
134370
134371
134372
134373
134374
134375
134376
134377
134378
134379
134380
134381
134382
134383
134384
134385
134386
134387
134388
134389
134390
134391
134392
134393
134394
134395
134396
134397
134398
134399
134400
134401
134402
134403
134404
134405
134406
769
755
739
134407
761
134408
134409
134410
134411
134412
134413
134414
134415
134416
134417
134418
134419
134420
134421
134422
134423
134424
134425
111400
134426
134427
134428
134429
134430
134431
134432
134433
134434
134435
134436
134437
134438
134439
134440
134441
134442
134443
134444
134445
134446
134447
134448
134449
134450
134451
134452
134453
134454
134455
134456
134457
134458
134459
134460
134461
134462
134463
134464
134465
134466
134467
134468
134469
134470
134471
134472
134473
134474
134475
134476
134477
134478
134479
134480
134481
134482
134483
134484
134485
134486
134487
134488
134489
134490
134491
134492
134493
134494
134495
134496
134497
134498
134499
134500
134501
134502
111402
134503
111406
134504
134505
111421
134506
134507
134508
134509
134510
134511
134512
134513
134514
134515
134516
134517
134518
134519
134520
134521
134522
134523
134524
134525
134526
134527
134528
134529
134530
134531
134532
134533
134534
134535
134536
134537
134538
134539
134540
134541
134542
134543
134544
111505
134545
741
134546
134547
134548
134549
111414
134550
134551
134552
134553
134554
134555
134556
134557
134558
134559
134560
134561
134562
134563
134564
134565
134566
134567
134568
134569
134570
134571
134572
134573
134574
111067
134575
134576
111437
134577
134578
111445
134579
134580
111453
134581
134582
111461
134583
134584
111470
134585
134586
134587
134588
134589
134590
134591
134592
134593
134594
134595
704
134596
134597
134598
134599
800
134600
134601
134602
134603
111378
134604
134605
134606
134607
134608
134609
134610
134611
134612
134613
134614
134615
134616
134617
134618
134619
134620
134621
134622
134623
134624
134625
134626
134627
134628
134629
134630
134631
134632
134633
134634
134635
134636
134637
134638
134639
134640
134641
134642
134643
134644
134645
134646
134647
134648
134649
134650
134651
134652
134653
134654
134655
134656
134657
134658
134659
134660
134661
134662
134663
134664
134665
134666
134667
134668
134669
134670
134671
134672
134673
134674
134675
134676
134677
134678
134679
134680
134681
134682
134683
134684
134685
134686
134687
134688
134689
134690
134691
134692
134693
134694
134695
134696
134697
134698
134699
134700
134701
134702
134703
134704
134705
134706
134707
134708
134709
134710
134711
134712
134713
134714
134715
134716
134717
134718
134719
727
134720
134721
134722
134723
134724
111401
134725
134726
134727
134728
134729
134730
134731
134732
134733
134734
134735
134736
134737
134738
134739
134740
134741
134742
134743
134744
134745
134746
134747
134748
134749
134750
134751
134752
134753
134754
134755
134756
134757
134758
134759
134760
134761
134762
134763
134764
134765
134766
134767
134768
775
134769
134770
134771
134772
134773
134774
134775
134776
134777
134778
134779
134780
134781
134782
134783
134784
134785
134786
134787
134788
134789
134790
134791
134792
134793
134794
134795
134796
134797
134798
134799
134800
134801
134802
134803
134804
134805
134806
134807
134808
134809
134810
134811
134812
134813
134814
134815
134816
134817
134818
134819
134820
134821
134822
134823
134824
134825
134826
134827
134828
134829
134830
134831
134832
134833
134834
134835
134836
134837
134838
134839
134840
134841
134842
134843
134844
134845
134846
134847
134848
134849
134850
134851
134852
134853
134854
134855
134856
134857
134858
134859
134860
134861
134862
134863
134864
134865
134866
134867
134868
134869
134870
134871
134872
134873
134874
134875
134876
134877
134878
134879
134880
134881
134882
134883
134884
134885
134886
134887
134888
134889
134890
134891
134892
134893
134894
134895
134896
134897
134898
134899
134900
134901
134902
134903
778
134904
134905
134906
134907
134908
134909
134910
134911
134912
134913
134914
134915
134916
134917
134918
134919
134920
134921
134922
134923
134924
134925
134926
134927
134928
134929
134930
134931
134932
134933
134934
134935
134936
134937
134938
134939
134940
134941
134942
111424
111427
111429
111431
111433
111435
111436
111395
111392
111069
111070
111128
111164
111194
111220
134943
134944
134945
111397
111489
134946
802
134947
134948
134949
134950
134951
134952
134953
134954
134955
134956
134957
134958
134959
134960
134961
134962
134963
134964
134965
134966
134967
134968
134969
134970
134971
134972
134973
134974
134975
134976
134977
134978
134979
134980
134981
111074
134982
134983
134984
134985
134986
134987
134988
134989
134990
134991
134992
134993
134994
134995
134996
134997
134998
134999
135000
135001
135002
135003
135004
135005
135006
135007
135008
135009
135010
135011
135012
135013
135014
135015
135016
135017
135018
135019
135020
135021
135022
135023
135024
135025
135026
135027
135028
135029
135030
135031
135032
135033
135034
135035
135036
135037
135038
135039
135040
135041
135042
135043
135044
135045
135046
135047
135048
135049
135050
135051
135052
135053
135054
135055
135056
135057
135058
135059
135060
135061
135062
135063
135064
135065
135066
135067
135068
135069
135070
135071
135072
135073
135074
135075
135076
135077
135078
135079
135080
135081
135082
135083
111076
135084
135085
135086
135087
135088
135089
135090
135091
135092
135093
135094
135095
135096
135097
135098
135099
135100
135101
135102
135103
135104
135105
135106
135107
135108
135109
135110
135111
135112
135113
135114
135115
135116
135117
135118
135119
135120
135121
135122
135123
135124
135125
135126
135127
135128
135129
135130
135131
135132
135133
135134
135135
135136
135137
135138
135139
135140
135141
135142
135143
135144
135145
135146
135147
135148
135149
135150
135151
135152
135153
135154
135155
135156
135157
135158
135159
135160
135161
135162
135163
135164
135165
135166
135167
135168
135169
135170
135171
135172
135173
135174
135175
135176
135177
135178
135179
135180
135181
135182
135183
135184
135185
135186
135187
135188
135189
135190
135191
135192
135193
135194
135195
135196
135197
135198
135199
135200
135201
135202
135203
135204
135205
135206
135207
135208
135209
135210
135211
135212
135213
690
685
705
135214
135215
135216
135217
135218
135219
135220
135221
135222
135223
135224
135225
135226
135227
135228
135229
135230
135231
135232
135233
135234
135235
709
135236
135237
729
135238
135239
135240
135241
135242
135243
135244
135245
135246
135247
135248
135249
135250
135251
135252
135253
135254
135255
135256
135257
135258
135259
135260
135261
135262
135263
135264
135265
135266
135267
135268
135269
135270
135271
135272
135273
135274
135275
135276
135277
135278
135279
135280
135281
135282
135283
135284
135285
135286
135287
135288
135289
135290
135291
135292
135293
135294
135295
135296
135297
135298
135299
135300
722
796
586
135301
135302
135303
135304
135305
135306
135307
135308
111382
135309
135310
135311
135312
135313
135314
135315
135316
135317
135318
135319
135320
135321
135322
135323
135324
135325
135326
135327
135328
135329
135330
135331
135332
135333
135334
135335
135336
135337
135338
135339
135340
135341
135342
135343
135344
135345
135346
135347
135348
135349
135350
135351
135352
135353
135354
135355
135356
135357
135358
135359
135360
135361
135362
135363
135364
135365
135366
135367
135368
135369
135370
135371
135372
135373
135374
135375
135376
135377
135378
135379
135380
135381
135382
135383
135384
135385
135386
135387
135388
135389
135390
135391
135392
135393
135394
135395
135396
135397
135398
135399
135400
135401
135402
135403
135404
135405
135406
135407
135408
135409
135410
135411
135412
135413
135414
135415
135416
135417
135418
135419
135420
135421
135422
135423
135424
135425
135426
135427
135428
135429
135430
135431
135432
135433
135434
135435
135436
135437
135438
135439
135440
135441
135442
135443
135444
135445
135446
135447
135448
135449
135450
135451
135452
135453
135454
135455
135456
135457
135458
135459
135460
135461
135462
135463
135464
135465
135466
135467
135468
135469
135470
798
135471
135472
135473
804
135474
135475
135476
135477
135478
135479
135480
135481
135482
135483
135484
135485
135486
135487
135488
135489
135490
135491
135492
135493
135494
135495
135496
135497
135498
135499
135500
135501
135502
135503
135504
135505
135506
135507
135508
135509
111064
135510
135511
135512
135513
135514
135515
135516
135517
135518
135519
135520
135521
135522
135523
135524
135525
135526
135527
135528
135529
135530
135531
135532
135533
135534
135535
135536
135537
135538
135539
135540
135541
135542
135543
135544
135545
135546
135547
135548
135549
135550
135551
135552
135553
135554
135555
135556
135557
135558
135559
135560
135561
135562
135563
135564
135565
135566
135567
135568
135569
135570
135571
135572
135573
135574
135575
135576
135577
135578
135579
135580
135581
135582
135583
135584
135585
135586
135587
135588
135589
135590
135591
135592
135593
135594
135595
135596
135597
135598
135599
135600
135601
135602
135603
135604
135605
135606
135607
135608
135609
135610
135611
135612
135613
135614
135615
135616
135617
135618
135619
135620
135621
135622
135623
135624
135625
135626
135627
135628
135629
135630
135631
135632
135633
135634
135635
135636
135637
135638
135639
135640
135641
135642
135643
135644
135645
135646
135647
135648
135649
135650
135651
135652
135653
135654
135655
135656
135657
135658
135659
135660
135661
135662
135663
135664
135665
135666
135667
135668
135669
135670
135671
135672
135673
135674
135675
135676
135677
135678
135679
135680
135681
135682
135683
135684
135685
135686
135687
135688
135689
135690
135691
135692
135693
135694
135695
135696
135697
135698
135699
135700
135701
135702
135703
135704
135705
135706
135707
135708
135709
135710
135711
135712
135713
135714
135715
135716
135717
135718
135719
135720
135721
135722
135723
135724
135725
135726
135727
135728
135729
135730
135731
135732
135733
135734
135735
135736
135737
135738
135739
135740
135741
135742
135743
135744
135745
135746
135747
135748
135749
135750
135751
135752
135753
135754
135755
135756
135757
135758
135759
135760
135761
135762
135763
135764
135765
135766
135767
135768
135769
135770
135771
135772
135773
135774
135775
135776
135777
135778
765
135779
135780
135781
135782
135783
135784
135785
135786
135787
135788
135789
135790
135791
135792
135793
135794
135795
135796
135797
135798
135799
135800
135801
135802
135803
135804
135805
135806
135807
135808
135809
135810
135811
135812
135813
135814
135815
135816
135817
135818
135819
135820
135821
135822
135823
766
135824
135825
135826
135827
135828
135829
135830
135831
135832
135833
135834
135835
135836
135837
135838
135839
135840
135841
135842
135843
135844
135845
135846
135847
135848
135849
135850
135851
135852
135853
135854
135855
135856
135857
135858
135859
135860
135861
135862
135863
135864
135865
135866
135867
135868
135869
135870
135871
135872
135873
135874
135875
135876
135877
135878
135879
135880
135881
135882
135883
135884
135885
135886
135887
135888
135889
135890
135891
135892
135893
135894
135895
135896
135897
135898
135899
135900
135901
135902
135903
135904
135905
135906
135907
135908
135909
135910
135911
135912
135913
135914
135915
135916
135917
135918
135919
135920
135921
135922
135923
135924
135925
135926
135927
135928
135929
135930
135931
135932
135933
135934
135935
135936
135937
135938
135939
135940
135941
135942
135943
135944
135945
135946
135947
135948
135949
135950
135951
135952
135953
135954
135955
135956
135957
135958
135959
135960
135961
135962
135963
135964
135965
135966
135967
135968
135969
135970
135971
135972
135973
135974
135975
135976
135977
135978
135979
135980
135981
135982
135983
135984
135985
135986
135987
135988
135989
135990
135991
135992
135993
135994
135995
135996
135997
135998
135999
136000
136001
136002
136003
136004
136005
136006
136007
136008
745
742
136009
136010
136011
136012
136013
136014
136015
136016
111411
111502
136017
136018
136019
136020
136021
136022
136023
136024
136025
136026
136027
136028
136029
136030
136031
136032
136033
136034
136035
136036
136037
136038
136039
136040
136041
136042
136043
136044
136045
136046
136047
136048
136049
136050
136051
136052
136053
136054
136055
136056
136057
136058
136059
136060
136061
136062
136063
136064
136065
136066
136067
136068
136069
136070
136071
136072
136073
136074
136075
136076
136077
136078
136079
136080
136081
136082
136083
136084
136085
136086
136087
136088
136089
136090
136091
136092
136093
136094
136095
136096
136097
136098
136099
136100
136101
136102
136103
136104
136105
136106
136107
136108
136109
136110
136111
136112
136113
136114
136115
136116
136117
111494
136118
111415
136119
136120
136121
136122
136123
136124
136125
136126
136127
136128
136129
136130
136131
136132
136133
136134
136135
136136
136137
136138
136139
136140
136141
136142
136143
136144
136145
136146
136147
136148
136149
136150
136151
136152
136153
136154
136155
136156
136157
136158
136159
136160
136161
136162
136163
136164
136165
136166
136167
136168
136169
136170
136171
136172
136173
136174
136175
136176
136177
136178
136179
136180
136181
136182
136183
136184
136185
136186
136187
136188
136189
136190
136191
136192
136193
136194
136195
136196
136197
136198
136199
136200
136201
136202
136203
136204
136205
136206
136207
136208
136209
136210
136211
136212
136213
136214
136215
136216
136217
136218
136219
136220
136221
136222
136223
136224
136225
136226
136227
136228
136229
136230
136231
136232
136233
136234
136235
136236
136237
136238
136239
136240
136241
136242
136243
136244
136245
136246
136247
136248
136249
136250
136251
136252
136253
136254
136255
136256
136257
136258
136259
136260
136261
136262
136263
136264
136265
136266
136267
136268
136269
136270
136271
136272
136273
136274
136275
136276
136277
136278
136279
136280
136281
136282
136283
136284
136285
136286
136287
136288
136289
136290
136291
136292
136293
136294
136295
136296
136297
136298
136299
136300
136301
136302
136303
136304
807
136305
758
136306
762
136307
136308
136309
136310
136311
136312
136313
136314
136315
136316
136317
136318
136319
136320
136321
111507
136322
111417
136323
136324
136325
136326
136327
136328
136329
136330
136331
136332
136333
136334
136335
136336
136337
136338
136339
136340
136341
136342
136343
136344
136345
136346
136347
136348
136349
136350
136351
136352
136353
136354
136355
136356
136357
136358
136359
136360
136361
136362
136363
136364
136365
136366
136367
136368
136369
136370
136371
136372
136373
136374
136375
136376
136377
136378
136379
136380
136381
136382
136383
136384
136385
136386
136387
136388
136389
136390
136391
136392
136393
136394
136395
136396
111499
136397
111422
136398
136399
136400
136401
136402
136403
136404
136405
136406
136407
136408
136409
136410
136411
136412
136413
136414
136415
136416
136417
136418
136419
136420
136421
136422
136423
136424
136425
136426
136427
136428
136429
136430
136431
136432
136433
136434
136435
136436
136437
136438
136439
136440
746
136441
136442
136443
136444
136445
136446
136447
136448
136449
136450
136451
136452
111495
136453
136454
136455
136456
136457
136458
136459
136460
136461
136462
136463
136464
136465
136466
136467
136468
136469
136470
136471
136472
136473
136474
136475
136476
136477
136478
136479
136480
136481
136482
136483
136484
136485
136486
136487
136488
136489
136490
136491
136492
136493
136494
136495
136496
136497
136498
136499
136500
136501
136502
136503
136504
136505
136506
136507
136508
136509
136510
136511
136512
136513
136514
136515
136516
136517
136518
136519
136520
136521
136522
136523
136524
136525
136526
136527
136528
136529
136530
136531
136532
136533
136534
136535
136536
136537
136538
136539
136540
136541
136542
136543
136544
136545
136546
136547
136548
136549
136550
136551
136552
136553
136554
136555
136556
136557
136558
136559
136560
136561
136562
136563
136564
136565
136566
136567
136568
136569
136570
136571
136572
136573
136574
136575
136576
136577
136578
136579
136580
136581
136582
136583
136584
136585
136586
136587
136588
136589
136590
136591
136592
136593
136594
136595
136596
136597
136598
136599
136600
136601
136602
136603
136604
136605
136606
136607
136608
136609
136610
136611
136612
136613
136614
136615
136616
136617
136618
136619
136620
136621
136622
136623
136624
136625
136626
136627
136628
136629
136630
136631
136632
136633
136634
136635
136636
136637
136638
136639
136640
136641
136642
136643
136644
136645
136646
136647
136648
136649
136650
136651
136652
136653
136654
136655
136656
111501
136657
136658
136659
136660
136661
136662
136663
136664
136665
136666
136667
136668
136669
136670
136671
136672
136673
136674
136675
136676
136677
136678
136679
136680
136681
136682
136683
136684
136685
136686
136687
136688
136689
136690
136691
136692
136693
136694
136695
136696
136697
136698
136699
136700
136701
136702
136703
136704
136705
136706
136707
136708
136709
136710
136711
136712
136713
136714
136715
136716
136717
136718
136719
136720
136721
136722
136723
136724
136725
136726
136727
136728
136729
136730
136731
136732
136733
136734
136735
136736
136737
136738
136739
136740
136741
136742
136743
136744
136745
136746
136747
136748
136749
136750
136751
136752
136753
136754
136755
136756
136757
136758
136759
136760
136761
136762
136763
136764
136765
136766
136767
136768
136769
136770
136771
136772
136773
136774
136775
136776
136777
136778
136779
136780
136781
136782
136783
136784
136785
136786
136787
136788
136789
136790
136791
136792
136793
136794
136795
136796
136797
136798
136799
136800
111491
111504
136801
136802
136803
136804
136805
136806
136807
136808
136809
136810
136811
136812
136813
136814
136815
136816
136817
136818
136819
136820
136821
136822
136823
136824
136825
136826
136827
136828
136829
136830
136831
136832
136833
136834
136835
136836
136837
136838
136839
136840
136841
136842
136843
136844
136845
136846
136847
136848
136849
136850
136851
136852
136853
136854
136855
136856
136857
136858
136859
136860
136861
136862
136863
136864
136865
136866
136867
136868
136869
136870
136871
136872
136873
136874
136875
136876
136877
136878
136879
136880
136881
136882
136883
136884
136885
136886
136887
136888
136889
136890
136891
136892
136893
136894
136895
136896
136897
136898
136899
136900
136901
136902
136903
136904
136905
136906
136907
136908
136909
136910
136911
136912
136913
136914
136915
136916
136917
136918
136919
136920
136921
136922
136923
136924
136925
136926
136927
136928
136929
136930
136931
136932
136933
136934
136935
136936
136937
136938
136939
136940
136941
136942
764
136943
136944
773
806
136945
136946
136947
136948
136949
136950
136951
136952
136953
136954
136955
111508
111498
136956
136957
136958
136959
136960
136961
136962
136963
136964
136965
136966
136967
136968
136969
136970
136971
136972
136973
136974
136975
136976
136977
136978
136979
136980
136981
136982
136983
136984
136985
136986
136987
136988
136989
136990
136991
136992
136993
136994
136995
136996
136997
136998
136999
137000
137001
137002
137003
137004
137005
137006
137007
137008
137009
137010
137011
137012
137013
137014
137015
137016
137017
137018
137019
137020
137021
137022
137023
137024
137025
137026
137027
137028
137029
137030
137031
137032
137033
137034
137035
137036
137037
137038
137039
137040
137041
137042
137043
137044
137045
137046
137047
137048
137049
137050
137051
801
137052
137053
137054
137055
137056
137057
137058
137059
137060
137061
137062
137063
137064
137065
137066
137067
137068
137069
137070
137071
137072
137073
137074
137075
137076
137077
111073
111123
111068
137078
137079
137080
137081
137082
137083
137084
137085
137086
137087
137088
137089
137090
137091
137092
137093
137094
137095
137096
137097
137098
137099
137100
137101
137102
137103
137104
137105
137106
137107
137108
137109
137110
137111
137112
137113
137114
137115
137116
137117
137118
137119
137120
137121
137122
137123
137124
137125
137126
137127
137128
137129
137130
137131
137132
137133
137134
137135
137136
137137
137138
137139
137140
137141
137142
137143
137144
137145
137146
111126
111441
137147
137148
137149
137150
137151
137152
137153
137154
137155
137156
137157
137158
137159
111162
111449
137160
137161
137162
137163
137164
137165
137166
137167
137168
137169
137170
137171
137172
111192
111457
137173
137174
137175
137176
137177
137178
137179
137180
137181
137182
137183
137184
137185
111218
111465
137186
137187
137188
137189
137190
137191
137192
137193
137194
137195
137196
137197
137198
111244
137199
137200
137201
137202
137203
137204
137205
137206
137207
137208
137209
137210
137211
137212
137213
137214
137215
137216
137217
137218
137219
137220
137221
137222
137223
137224
137225
137226
137227
137228
137229
137230
137231
137232
137233
137234
137235
137236
137237
137238
137239
137240
689
137241
137242
137243
137244
137245
137246
137247
137248
137249
137250
137251
137252
137253
137254
137255
137256
708
137257
768
726
137258
137259
137260
137261
137262
137263
137264
137265
137266
137267
137268
137269
111487
137270
137271
137272
137273
137274
137275
137276
137277
137278
137279
137280
137281
137282
137283
137284
137285
137286
137287
137288
137289
137290
137291
137292
137293
137294
137295
137296
137297
137298
137299
797
803
137300
137301
137302
137303
137304
137305
137306
137307
137308
137309
137310
137311
137312
111384
137313
137314
137315
137316
137317
137318
137319
137320
137321
137322
137323
137324
137325
137326
137327
137328
137329
137330
137331
137332
137333
137334
137335
137336
137337
137338
137339
137340
137341
137342
137343
137344
137345
137346
137347
137348
137349
137350
137351
137352
137353
137354
137355
137356
137357
137358
137359
137360
137361
137362
137363
137364
137365
137366
137367
137368
137369
137370
137371
137372
137373
137374
137375
137376
137377
137378
137379
137380
137381
137382
137383
137384
137385
137386
137387
137388
137389
137390
137391
137392
137393
137394
137395
137396
137397
137398
137399
137400
137401
137402
137403
137404
137405
137406
137407
137408
137409
137410
137411
137412
137413
137414
137415
137416
137417
137418
137419
137420
137421
137422
137423
137424
137425
137426
137427
137428
137429
137430
137431
137432
137433
137434
137435
137436
137437
137438
137439
137440
137441
137442
111493
137443
137444
137445
137446
137447
137448
137449
137450
137451
137452
137453
137454
137455
137456
137457
137458
137459
137460
137461
137462
137463
137464
137465
137466
137467
137468
137469
137470
137471
137472
137473
137474
137475
137476
137477
137478
137479
137480
137481
137482
137483
137484
137485
137486
137487
137488
137489
137490
137491
137492
137493
137494
137495
137496
137497
137498
137499
137500
137501
137502
137503
137504
137505
137506
137507
137508
137509
137510
137511
137512
137513
137514
137515
137516
137517
137518
137519
137520
137521
137522
137523
137524
137525
137526
137527
137528
137529
137530
137531
137532
137533
137534
137535
137536
137537
137538
137539
137540
137541
137542
137543
137544
137545
137546
137547
137548
137549
137550
137551
137552
137553
137554
137555
137556
137557
137558
137559
137560
137561
137562
137563
137564
137565
137566
137567
137568
137569
137570
137571
137572
137573
137574
137575
137576
137577
137578
137579
137580
137581
137582
137583
137584
137585
137586
137587
137588
137589
137590
137591
137592
137593
137594
137595
137596
137597
137598
137599
137600
137601
137602
137603
137604
137605
137606
137607
137608
137609
137610
137611
137612
137613
137614
137615
137616
137617
137618
137619
137620
137621
137622
137623
137624
137625
137626
137627
137628
137629
137630
137631
137632
137633
137634
137635
137636
137637
137638
137639
137640
137641
137642
137643
137644
137645
137646
137647
137648
137649
137650
137651
137652
137653
137654
137655
137656
137657
137658
137659
137660
137661
137662
137663
137664
137665
137666
137667
137668
137669
137670
137671
137672
137673
137674
137675
137676
137677
137678
137679
137680
137681
137682
137683
137684
137685
137686
137687
137688
137689
137690
137691
137692
137693
137694
137695
137696
137697
137698
137699
137700
137701
137702
137703
137704
137705
137706
137707
137708
137709
137710
137711
137712
137713
137714
137715
137716
137717
137718
137719
137720
137721
137722
137723
137724
137725
137726
137727
137728
137729
137730
137731
137732
137733
137734
137735
137736
137737
770
728
137738
137739
137740
137741
137742
137743
137744
137745
137746
137747
137748
137749
137750
137751
137752
137753
137754
137755
137756
137757
137758
137759
137760
137761
137762
111393
137763
137764
137765
111496
137766
137767
137768
137769
137770
137771
137772
137773
137774
137775
137776
137777
137778
137779
137780
137781
137782
137783
137784
137785
137786
137787
137788
137789
137790
137791
137792
137793
137794
137795
137796
137797
137798
137799
137800
137801
137802
137803
137804
137805
137806
137807
137808
137809
137810
137811
137812
137813
137814
137815
137816
137817
137818
137819
137820
137821
137822
137823
137824
137825
137826
137827
137828
137829
137830
137831
137832
137833
137834
137835
137836
137837
137838
137839
137840
137841
137842
137843
137844
137845
137846
137847
137848
137849
137850
137851
137852
137853
137854
137855
137856
137857
137858
137859
137860
137861
137862
137863
137864
137865
137866
137867
137868
137869
137870
137871
137872
137873
137874
137875
137876
137877
137878
137879
137880
137881
137882
137883
137884
137885
137886
137887
137888
137889
137890
137891
111500
137892
137893
137894
137895
137896
137897
137898
137899
137900
137901
137902
137903
137904
137905
137906
137907
137908
137909
137910
137911
137912
137913
137914
137915
137916
137917
137918
137919
137920
137921
137922
137923
137924
137925
137926
137927
137928
137929
137930
137931
137932
137933
137934
137935
137936
137937
137938
137939
137940
137941
137942
137943
137944
137945
137946
137947
137948
137949
137950
137951
137952
137953
137954
137955
137956
137957
137958
137959
137960
137961
137962
137963
137964
137965
137966
137967
137968
137969
137970
137971
137972
137973
137974
137975
137976
137977
137978
137979
137980
137981
137982
137983
137984
137985
137986
137987
137988
744
776
137989
137990
137991
137992
137993
137994
137995
137996
137997
137998
111503
137999
138000
138001
138002
138003
138004
138005
138006
138007
138008
138009
138010
138011
138012
138013
138014
138015
138016
138017
138018
138019
138020
138021
138022
138023
138024
138025
138026
138027
138028
138029
138030
138031
138032
138033
138034
138035
138036
138037
138038
138039
138040
138041
138042
138043
138044
138045
138046
138047
138048
138049
138050
138051
138052
138053
138054
138055
138056
138057
138058
138059
138060
138061
138062
138063
138064
138065
138066
138067
138068
138069
138070
138071
138072
138073
138074
138075
138076
138077
138078
138079
138080
138081
138082
138083
138084
138085
138086
138087
138088
138089
138090
138091
138092
138093
138094
138095
138096
138097
138098
138099
138100
138101
138102
138103
138104
138105
138106
138107
138108
138109
138110
138111
138112
138113
138114
138115
138116
138117
138118
138119
138120
138121
138122
138123
138124
138125
138126
138127
138128
138129
138130
138131
138132
138133
138134
138135
138136
138137
138138
138139
138140
138141
138142
138143
138144
138145
138146
138147
138148
138149
138150
138151
138152
138153
138154
138155
138156
138157
138158
138159
138160
138161
138162
138163
138164
138165
138166
138167
138168
138169
138170
138171
138172
138173
138174
138175
138176
138177
138178
138179
138180
138181
138182
138183
138184
138185
138186
138187
138188
138189
138190
138191
138192
138193
138194
138195
138196
138197
138198
138199
138200
138201
138202
138203
138204
138205
138206
138207
138208
138209
138210
138211
138212
138213
138214
138215
138216
138217
138218
138219
138220
138221
138222
138223
138224
138225
138226
138227
138228
138229
138230
138231
138232
138233
138234
138235
138236
138237
138238
138239
138240
138241
138242
138243
138244
138245
138246
138247
138248
138249
138250
138251
138252
138253
138254
138255
138256
138257
138258
138259
138260
138261
138262
138263
138264
138265
138266
138267
138268
138269
138270
138271
138272
138273
138274
138275
138276
138277
138278
138279
138280
138281
138282
138283
138284
138285
138286
138287
138288
138289
138290
138291
138292
138293
138294
138295
138296
138297
138298
138299
138300
138301
138302
138303
138304
138305
138306
138307
138308
138309
138310
138311
138312
138313
138314
138315
138316
138317
138318
138319
138320
138321
138322
138323
138324
138325
138326
138327
138328
138329
138330
138331
138332
138333
138334
138335
138336
138337
138338
138339
138340
138341
138342
138343
138344
138345
138346
138347
138348
138349
138350
138351
138352
138353
138354
138355
138356
138357
138358
138359
138360
138361
138362
138363
138364
138365
138366
138367
138368
138369
138370
805
779
763
780
138371
138372
138373
138374
138375
138376
138377
138378
138379
138380
138381
138382
138383
111506
138384
138385
138386
138387
138388
138389
138390
138391
138392
138393
138394
138395
138396
138397
138398
138399
138400
138401
138402
138403
138404
138405
138406
138407
138408
138409
138410
138411
138412
138413
138414
138415
138416
138417
138418
138419
138420
138421
138422
138423
138424
138425
138426
138427
138428
138429
138430
138431
138432
138433
138434
138435
138436
138437
138438
138439
138440
138441
138442
138443
138444
138445
138446
138447
138448
138449
138450
138451
138452
138453
138454
138455
138456
138457
138458
138459
138460
138461
138462
138463
138464
138465
138466
138467
138468
138469
138470
138471
138472
138473
138474
138475
138476
138477
138478
138479
138480
138481
138482
138483
138484
138485
138486
138487
138488
138489
111066
138490
138491
138492
138493
138494
111377
138495
138496
138497
138498
138499
138500
138501
138502
138503
138504
138505
138506
138507
138508
138509
138510
138511
138512
138513
138514
138515
138516
138517
138518
799
138519
138520
138521
138522
138523
138524
138525
138526
138527
138528
138529
138530
138531
138532
138533
138534
138535
138536
138537
138538
138539
138540
138541
138542
138543
138544
138545
138546
138547
138548
138549
138550
138551
138552
138553
138554
138555
138556
138557
138558
138559
138560
138561
138562
138563
138564
138565
138566
777
138567
138568
138569
138570
138571
138572
138573
138574
138575
138576
138577
138578
138579
138580
138581
138582
138583
138584
138585
138586
138587
138588
138589
138590
138591
138592
138593
138594
138595
138596
138597
138598
138599
781
138600
138601
111511
138602
111157
138603
138604
138605
138606
138607
138608
138609
138610
138611
138612
138613
111514
138614
138615
138616
138617
111517
138618
138619
138620
138621
111520
138622
138623
138624
138625
111523
138626
138627
138628
138629
111526
138630
138631
138632
138633
111529
138634
138635
782
701
138636
138637
138638
138639
111532
138640
138641
138642
138643
138644
138645
138646
138647
138648
138649
138650
138651
138652
138653
138654
111347
138655
138656
138657
138658
138659
138660
138661
138662
138663
138664
111539
138665
138666
111541
138667
138668
138669
138670
111390
138671
138672
138673
138674
138675
138676
138677
138678
138679
138680
138681
138682
138683
138684
138685
138686
138687
138688
138689
138690
138691
138692
138693
138694
138695
138696
138697
138698
138699
138700
138701
138702
138703
138704
138705
138706
138707
138708
138709
138710
138711
138712
138713
138714
138715
138716
138717
138718
138719
138720
138721
138722
138723
791
724
734
138724
138725
138726
138727
138728
138729
138730
138731
138732
138733
138734
138735
138736
138737
138738
138739
138740
138741
138742
138743
138744
138745
138746
138747
138748
138749
138750
138751
138752
138753
138754
111403
138755
138756
138757
138758
138759
138760
138761
138762
138763
138764
138765
138766
138767
794
138768
138769
138770
138771
138772
138773
138774
138775
138776
138777
138778
138779
138780
138781
138782
138783
138784
138785
138786
138787
138788
138789
138790
138791
138792
138793
138794
138795
138796
138797
138798
138799
138800
138801
138802
138803
138804
138805
138806
138807
138808
138809
138810
138811
138812
138813
138814
138815
138816
138817
138818
138819
138820
138821
138822
138823
138824
138825
138826
138827
138828
138829
138830
138831
138832
138833
138834
138835
138836
138837
138838
138839
138840
138841
138842
138843
138844
138845
138846
138847
138848
138849
138850
138851
138852
138853
138854
138855
138856
138857
138858
138859
138860
138861
138862
138863
138864
138865
138866
138867
138868
138869
138870
138871
138872
138873
138874
138875
138876
138877
138878
138879
138880
138881
138882
138883
138884
138885
138886
138887
138888
138889
138890
138891
138892
138893
138894
138895
138896
138897
138898
138899
138900
138901
138902
138903
138904
138905
138906
138907
138908
138909
138910
138911
138912
138913
138914
138915
138916
138917
138918
138919
138920
138921
138922
138923
138924
138925
138926
138927
138928
138929
138930
138931
138932
138933
138934
138935
138936
138937
138938
138939
138940
138941
138942
138943
138944
138945
138946
138947
138948
138949
138950
138951
138952
138953
138954
138955
138956
138957
138958
138959
138960
138961
138962
138963
138964
138965
754
138966
138967
795
138968
138969
138970
138971
138972
138973
138974
138975
138976
138977
138978
138979
138980
138981
138982
138983
138984
138985
138986
138987
138988
138989
138990
138991
138992
138993
138994
138995
138996
138997
138998
138999
139000
139001
139002
139003
139004
139005
139006
139007
139008
139009
139010
139011
139012
139013
139014
139015
139016
139017
139018
139019
139020
139021
139022
139023
139024
139025
139026
139027
139028
139029
139030
139031
139032
111548
111549
111550
111551
111552
111553
111554
111555
139033
139034
139035
139036
139037
139038
139039
139040
139041
139042
139043
139044
139045
139046
139047
139048
139049
139050
139051
139052
139053
139054
139055
139056
139057
139058
139059
111440
111386
111447
111444
111455
111452
111463
111460
111469
111468
111475
111474
111479
111478
111483
111482
111399
111376
111537
111159
111160
139060
139061
139062
139063
139064
139065
139066
139067
139068
139069
587
139070
139071
139072
139073
139074
139075
139076
139077
139078
139079
139080
139081
139082
139083
139084
139085
139086
139087
139088
139089
139090
139091
139092
139093
139094
139095
139096
139097
139098
139099
139100
139101
139102
139103
139104
139105
139106
139107
139108
139109
139110
139111
139112
139113
139114
139115
139116
139117
139118
139119
139120
139121
139122
139123
139124
139125
139126
139127
139128
139129
139130
139131
139132
139133
139134
139135
139136
139137
139138
139139
591
604
139140
606
139141
139142
139143
139144
139145
111152
139146
139147
139148
139149
139150
139151
139152
139153
139154
139155
139156
139157
139158
139159
139160
139161
139162
139163
139164
139165
139166
139167
139168
111189
139169
139170
139171
139172
139173
139174
139175
139176
139177
139178
139179
139180
139181
139182
608
139183
618
139184
139185
139186
139187
139188
139189
139190
139191
139192
139193
139194
139195
139196
139197
139198
139199
139200
139201
620
139202
630
139203
139204
139205
139206
139207
139208
139209
139210
139211
139212
139213
139214
139215
139216
139217
139218
139219
139220
632
139221
642
139222
139223
139224
139225
139226
139227
139228
139229
139230
139231
139232
139233
139234
139235
139236
139237
139238
139239
644
139240
654
139241
139242
139243
139244
139245
139246
139247
139248
139249
139250
139251
139252
139253
139254
139255
139256
139257
139258
656
139259
666
139260
139261
139262
139263
139264
139265
139266
139267
139268
139269
139270
139271
139272
139273
139274
139275
139276
139277
670
680
682
668
139278
683
678
139279
698
139280
139281
139282
139283
139284
139285
139286
139287
139288
139289
139290
139291
139292
139293
139294
139295
139296
139297
139298
139299
139300
139301
139302
139303
139304
139305
139306
139307
139308
139309
139310
139311
139312
139313
139314
139315
139316
139317
139318
139319
139320
139321
139322
139323
139324
139325
139326
139327
139328
139329
139330
139331
139332
139333
139334
139335
139336
139337
139338
139339
139340
139341
139342
139343
139344
139345
139346
139347
139348
139349
139350
139351
139352
139353
139354
139355
139356
139357
139358
139359
139360
139361
139362
139363
139364
111317
139365
139366
139367
139368
139369
139370
139371
139372
139373
139374
139375
139376
139377
139378
139379
139380
139381
139382
139383
139384
139385
139386
139387
139388
111319
139389
139390
139391
139392
139393
139394
139395
139396
139397
139398
139399
139400
139401
139402
139403
139404
139405
687
139406
139407
139408
139409
736
139410
139411
139412
139413
139414
139415
139416
139417
139418
139419
139420
139421
139422
139423
139424
139425
139426
139427
139428
139429
139430
139431
139432
139433
139434
139435
139436
139437
139438
139439
139440
139441
139442
139443
139444
139445
139446
139447
139448
139449
139450
139451
139452
139453
139454
139455
139456
139457
139458
139459
139460
139461
139462
139463
139464
139465
139466
139467
139468
139469
139470
139471
139472
139473
139474
139475
139476
139477
139478
139479
139480
139481
139482
139483
139484
139485
139486
139487
139488
139489
139490
139491
139492
139493
139494
139495
139496
139497
139498
139499
139500
139501
139502
139503
139504
139505
139506
139507
139508
139509
111380
139510
111387
139511
139512
139513
139514
139515
139516
139517
139518
139519
139520
139521
139522
139523
139524
139525
139526
139527
139528
139529
139530
139531
139532
139533
139534
139535
752
720
139536
139537
139538
139539
139540
139541
139542
139543
139544
139545
139546
139547
139548
139549
111372
139550
139551
139552
139553
139554
139555
139556
139557
139558
139559
139560
139561
139562
139563
139564
139565
139566
139567
139568
139569
139570
139571
139572
139573
139574
139575
139576
139577
139578
139579
139580
139581
139582
139583
139584
139585
139586
139587
139588
139589
139590
139591
139592
139593
139594
139595
139596
139597
139598
139599
139600
139601
139602
139603
139604
139605
139606
139607
139608
139609
139610
139611
139612
139613
139614
139615
139616
111154
139617
139618
139619
139620
139621
139622
139623
139624
139625
139626
139627
139628
139629
139630
139631
139632
139633
139634
139635
139636
139637
139638
139639
139640
139641
139642
139643
139644
139645
139646
139647
139648
139649
139650
139651
139652
139653
139654
139655
139656
139657
139658
139659
139660
139661
139662
139663
139664
139665
139666
139667
139668
139669
139670
139671
139672
139673
139674
139675
139676
139677
139678
139679
139680
139681
139682
139683
139684
139685
139686
139687
139688
139689
139690
139691
139692
139693
139694
139695
139696
139697
139698
139699
139700
139701
139702
139703
139704
139705
139706
139707
139708
139709
139710
139711
139712
139713
139714
139715
139716
139717
139718
139719
139720
139721
139722
139723
139724
139725
139726
139727
139728
139729
139730
139731
139732
139733
139734
139735
139736
139737
139738
139739
139740
139741
139742
139743
139744
139745
139746
139747
139748
139749
139750
139751
139752
139753
139754
139755
139756
784
702
787
785
139757
139758
139759
732
139760
139761
139762
139763
139764
139765
139766
139767
139768
139769
139770
139771
139772
139773
139774
139775
139776
139777
139778
139779
139780
139781
139782
139783
139784
139785
139786
139787
139788
139789
139790
139791
139792
139793
139794
139795
139796
139797
139798
139799
139800
139801
139802
139803
139804
139805
139806
139807
139808
139809
139810
139811
139812
139813
139814
139815
139816
139817
139818
139819
139820
139821
139822
139823
139824
139825
139826
139827
139828
139829
139830
139831
139832
139833
139834
139835
139836
139837
139838
139839
139840
139841
139842
139843
139844
139845
139846
139847
139848
139849
139850
139851
139852
139853
139854
139855
139856
139857
139858
139859
139860
139861
139862
139863
139864
139865
139866
139867
139868
139869
139870
139871
139872
139873
139874
111536
139875
139876
139877
139878
139879
139880
139881
139882
139883
139884
139885
139886
139887
139888
139889
139890
139891
139892
139893
139894
139895
139896
139897
139898
139899
139900
111438
139901
139902
139903
139904
139905
139906
139907
139908
139909
139910
139911
139912
139913
139914
139915
139916
139917
139918
139919
139920
139921
139922
139923
139924
139925
139926
139927
139928
139929
139930
139931
139932
139933
139934
139935
139936
139937
139938
139939
139940
139941
139942
139943
139944
139945
139946
139947
139948
139949
139950
139951
139952
139953
139954
139955
139956
139957
139958
139959
139960
139961
139962
139963
139964
139965
139966
139967
139968
139969
139970
139971
139972
139973
139974
139975
139976
139977
139978
139979
139980
139981
139982
139983
139984
139985
139986
139987
139988
139989
139990
139991
139992
139993
139994
139995
748
139996
139997
139998
139999
140000
140001
140002
140003
140004
140005
140006
140007
140008
140009
140010
140011
140012
140013
140014
140015
140016
140017
140018
140019
140020
140021
140022
140023
140024
140025
140026
111413
140027
140028
140029
140030
140031
140032
140033
140034
140035
140036
140037
140038
140039
140040
140041
140042
140043
140044
140045
140046
140047
140048
140049
140050
140051
140052
140053
140054
140055
140056
140057
140058
140059
140060
140061
140062
140063
140064
140065
140066
140067
140068
140069
140070
140071
140072
140073
140074
140075
140076
140077
140078
140079
140080
757
140081
140082
140083
140084
140085
140086
140087
140088
140089
140090
140091
140092
140093
140094
140095
140096
140097
140098
140099
140100
140101
140102
140103
140104
140105
140106
140107
140108
111419
140109
140110
140111
140112
140113
140114
140115
140116
140117
140118
140119
140120
140121
750
140122
140123
140124
140125
140126
140127
140128
140129
140130
140131
140132
140133
140134
140135
140136
140137
140138
140139
140140
140141
140142
140143
140144
140145
140146
140147
140148
140149
140150
140151
140152
140153
140154
140155
140156
140157
140158
140159
140160
140161
140162
140163
140164
140165
140166
140167
140168
140169
140170
140171
140172
140173
140174
140175
140176
140177
140178
140179
140180
140181
140182
140183
140184
140185
140186
140187
140188
140189
140190
140191
140192
140193
140194
140195
140196
140197
140198
140199
140200
140201
140202
140203
140204
140205
140206
140207
140208
140209
140210
140211
140212
140213
140214
140215
140216
140217
140218
140219
140220
140221
140222
140223
140224
140225
140226
140227
140228
140229
140230
140231
140232
140233
140234
140235
140236
140237
140238
140239
140240
140241
140242
140243
140244
140245
140246
140247
140248
140249
140250
140251
140252
140253
140254
140255
140256
140257
140258
140259
140260
140261
140262
140263
140264
140265
140266
140267
789
772
760
140268
140269
140270
140271
140272
140273
140274
140275
140276
140277
140278
140279
140280
140281
140282
140283
140284
140285
140286
140287
140288
140289
140290
140291
140292
140293
140294
140295
140296
140297
140298
140299
140300
140301
140302
140303
140304
140305
140306
140307
140308
140309
140310
140311
140312
140313
140314
140315
140316
140317
111542
140318
140319
140320
140321
140322
140323
140324
140325
140326
140327
140328
140329
140330
140331
140332
140333
140334
140335
140336
140337
140338
140339
140340
140341
140342
140343
140344
140345
140346
140347
140348
140349
140350
140351
140352
140353
140354
140355
140356
140357
140358
140359
140360
140361
140362
140363
140364
140365
140366
140367
140368
140369
140370
140371
140372
140373
140374
140375
140376
140377
140378
140379
140380
140381
140382
140383
140384
140385
140386
140387
140388
140389
140390
140391
140392
140393
140394
140395
140396
140397
140398
140399
140400
140401
140402
140403
140404
140405
140406
140407
140408
140409
140410
140411
140412
140413
140414
140415
140416
140417
140418
140419
140420
140421
140422
140423
140424
140425
140426
140427
140428
140429
140430
140431
140432
140433
140434
140435
140436
140437
140438
140439
140440
140441
140442
140443
140444
140445
140446
140447
140448
140449
140450
140451
140452
140453
140454
140455
140456
140457
140458
140459
140460
140461
140462
140463
140464
140465
140466
140467
140468
140469
140470
140471
140472
140473
140474
140475
140476
140477
140478
140479
792
140480
140481
140482
140483
140484
140485
140486
140487
140488
140489
140490
140491
140492
140493
140494
140495
140496
140497
140498
140499
140500
140501
140502
140503
140504
140505
140506
140507
140508
140509
140510
140511
140512
140513
140514
140515
140516
140517
140518
140519
140520
140521
140522
140523
140524
140525
140526
140527
140528
140529
140530
140531
140532
140533
140534
140535
140536
140537
140538
140539
140540
140541
140542
140543
140544
111545
140545
140546
140547
140548
140549
140550
140551
140552
140553
140554
140555
140556
140557
140558
140559
140560
140561
140562
140563
140564
140565
140566
140567
140568
140569
140570
140571
140572
140573
140574
140575
140576
140577
140578
140579
140580
140581
140582
140583
140584
140585
140586
140587
140588
140589
140590
140591
140592
140593
140594
140595
140596
140597
140598
140599
140600
140601
140602
140603
140604
140605
140606
140607
140608
140609
140610
140611
140612
140613
140614
140615
140616
140617
140618
140619
140620
140621
140622
140623
140624
140625
111442
111446
111450
111454
111458
111462
111466
111471
140626
140627
140628
140629
140630
140631
140632
140633
140634
140635
140636
140637
140638
140639
140640
140641
140642
140643
140644
140645
140646
140647
140648
140649
140650
140651
140652
140653
140654
140655
140656
140657
140658
140659
140660
140661
140662
140663
140664
140665
140666
140667
140668
140669
140670
140671
140672
140673
140674
140675
140676
140677
140678
140679
140680
140681
140682
140683
140684
140685
140686
140687
140688
140689
140690
140691
140692
140693
140694
140695
140696
140697
140698
140699
140700
140701
140702
140703
140704
140705
140706
140707
140708
140709
140710
140711
140712
140713
140714
140715
140716
140717
140718
140719
140720
140721
140722
140723
140724
140725
140726
140727
590
140728
603
140729
140730
140731
140732
140733
111512
111510
111439
140734
111149
140735
140736
140737
140738
140739
140740
140741
140742
140743
140744
140745
140746
140747
140748
140749
111156
111186
111158
140750
140751
140752
140753
140754
140755
140756
140757
140758
140759
140760
140761
140762
140763
140764
140765
140766
140767
140768
140769
140770
140771
140772
140773
140774
140775
140776
140777
140778
140779
140780
140781
140782
140783
140784
140785
140786
140787
140788
140789
140790
140791
140792
140793
140794
140795
140796
140797
140798
140799
140800
605
140801
140802
140803
140804
140805
111515
111513
111448
140806
140807
140808
140809
140810
140811
140812
140813
140814
140815
140816
140817
140818
140819
140820
140821
617
140822
140823
140824
140825
140826
111518
111516
111456
140827
140828
140829
140830
140831
140832
140833
140834
140835
140836
140837
140838
140839
140840
140841
140842
629
140843
140844
140845
140846
140847
111521
111519
111464
140848
140849
140850
140851
140852
140853
140854
140855
140856
140857
140858
140859
140860
140861
140862
140863
641
140864
140865
140866
140867
140868
111524
111522
111472
140869
140870
140871
140872
140873
140874
140875
140876
140877
140878
140879
140880
140881
140882
140883
140884
653
140885
140886
140887
140888
140889
111527
111525
111476
140890
140891
140892
140893
140894
140895
140896
140897
140898
140899
140900
140901
140902
140903
140904
140905
665
669
681
140906
140907
140908
140909
140910
140911
140912
111530
111528
111480
140913
140914
140915
140916
140917
140918
140919
140920
140921
140922
140923
140924
140925
140926
140927
140928
140929
140930
140931
140932
140933
111316
140934
140935
140936
140937
140938
140939
140940
140941
140942
140943
140944
140945
140946
140947
691
140948
723
699
786
140949
733
140950
140951
140952
140953
140954
140955
140956
140957
140958
140959
140960
140961
140962
140963
140964
140965
140966
111533
111531
111484
140967
140968
140969
140970
140971
140972
140973
140974
140975
140976
140977
140978
140979
140980
140981
140982
140983
140984
140985
140986
140987
140988
140989
140990
140991
140992
140993
140994
140995
140996
140997
140998
140999
141000
141001
141002
141003
141004
141005
141006
141007
141008
141009
141010
141011
141012
141013
141014
141015
141016
141017
141018
141019
141020
141021
141022
141023
141024
141025
141026
141027
141028
141029
141030
141031
111344
141032
141033
141034
141035
141036
141037
141038
141039
141040
141041
141042
141043
141044
111534
111538
141045
141046
141047
141048
141049
141050
141051
141052
141053
141054
141055
141056
141057
141058
141059
141060
141061
141062
141063
141064
141065
141066
141067
141068
141069
141070
141071
141072
141073
141074
141075
141076
141077
141078
141079
141080
141081
141082
141083
141084
141085
141086
141087
141088
141089
141090
141091
111398
111540
141092
141093
141094
141095
141096
141097
141098
141099
141100
141101
141102
141103
141104
141105
141106
141107
141108
141109
141110
141111
141112
141113
141114
141115
141116
141117
141118
141119
111374
141120
141121
141122
141123
141124
141125
141126
111544
141127
141128
141129
141130
141131
141132
141133
111385
141134
141135
141136
141137
141138
141139
141140
141141
141142
141143
111388
141144
141145
111543
141146
141147
141148
141149
141150
141151
141152
141153
141154
141155
141156
141157
141158
141159
141160
141161
141162
141163
141164
141165
141166
141167
141168
141169
141170
141171
141172
141173
141174
141175
141176
141177
141178
141179
141180
141181
141182
141183
141184
141185
141186
141187
141188
141189
141190
141191
141192
141193
141194
141195
141196
141197
141198
141199
141200
141201
141202
141203
141204
141205
141206
141207
141208
141209
141210
141211
141212
141213
141214
141215
141216
141217
141218
141219
141220
141221
141222
141223
141224
141225
141226
141227
141228
141229
141230
141231
141232
141233
141234
141235
141236
141237
141238
141239
141240
141241
141242
141243
141244
141245
141246
141247
141248
141249
141250
141251
141252
141253
141254
141255
141256
141257
141258
141259
141260
141261
141262
141263
141264
141265
141266
141267
141268
141269
141270
141271
141272
141273
141274
141275
141276
141277
141278
141279
141280
141281
141282
141283
141284
141285
141286
141287
141288
141289
141290
141291
141292
141293
141294
141295
141296
141297
141298
141299
141300
141301
141302
141303
141304
141305
141306
141307
141308
141309
141310
141311
141312
141313
141314
141315
141316
141317
141318
141319
141320
141321
141322
141323
141324
141325
141326
141327
141328
141329
141330
141331
141332
141333
141334
141335
141336
141337
141338
141339
141340
141341
141342
141343
141344
141345
141346
141347
141348
141349
141350
141351
141352
141353
141354
141355
141356
141357
141358
141359
141360
141361
141362
141363
141364
141365
141366
141367
141368
141369
141370
141371
141372
141373
141374
141375
141376
141377
141378
141379
141380
141381
790
753
141382
141383
725
731
141384
735
141385
793
141386
141387
141388
141389
141390
141391
141392
141393
141394
141395
141396
141397
141398
141399
141400
141401
141402
141403
141404
141405
141406
141407
141408
141409
141410
141411
141412
141413
141414
141415
141416
141417
141418
141419
141420
141421
141422
141423
141424
141425
141426
141427
141428
141429
141430
141431
141432
141433
141434
141435
141436
141437
141438
141439
141440
141441
141442
141443
141444
141445
141446
141447
141448
141449
141450
141451
141452
141453
141454
141455
141456
141457
141458
141459
141460
141461
141462
141463
141464
141465
141466
141467
141468
141469
141470
141471
141472
141473
141474
141475
141476
141477
141478
141479
141480
141481
141482
141483
141484
141485
141486
141487
141488
141489
141490
141491
141492
141493
141494
141495
141496
141497
141498
141499
141500
141501
141502
141503
141504
141505
141506
141507
141508
141509
141510
141511
141512
141513
141514
141515
141516
141517
141518
141519
141520
141521
141522
141523
141524
141525
141526
141527
141528
141529
141530
141531
141532
141533
141534
141535
141536
141537
141538
141539
141540
141541
141542
141543
141544
141545
141546
141547
141548
141549
141550
141551
141552
141553
141554
141555
141556
749
141557
141558
141559
141560
141561
141562
141563
141564
141565
141566
141567
141568
141569
141570
141571
141572
141573
141574
141575
141576
141577
141578
141579
141580
141581
141582
141583
141584
141585
141586
141587
141588
141589
141590
141591
141592
141593
141594
141595
141596
141597
141598
141599
141600
141601
141602
141603
141604
141605
141606
141607
141608
141609
141610
141611
141612
141613
141614
141615
141616
141617
141618
141619
141620
141621
141622
141623
141624
141625
141626
141627
141628
141629
141630
141631
141632
141633
141634
141635
141636
141637
141638
141639
141640
141641
141642
141643
141644
141645
141646
141647
141648
141649
141650
141651
141652
141653
141654
141655
141656
141657
141658
141659
141660
141661
141662
141663
141664
141665
141666
141667
141668
141669
141670
141671
141672
141673
141674
141675
141676
141677
141678
141679
141680
141681
141682
141683
141684
141685
141686
141687
141688
141689
141690
141691
141692
141693
141694
141695
141696
141697
141698
141699
141700
141701
141702
141703
141704
141705
141706
141707
141708
141709
141710
141711
141712
141713
141714
141715
141716
141717
141718
141719
141720
141721
141722
141723
141724
141725
141726
141727
141728
141729
141730
141731
141732
141733
141734
141735
141736
141737
141738
141739
141740
141741
141742
141743
141744
141745
141746
141747
111546
141748
141749
141750
141751
141752
141753
141754
141755
141756
141757
141758
141759
141760
141761
141762
141763
141764
141765
141766
141767
141768
141769
141770
141771
141772
141773
141774
141775
141776
141777
141778
141779
141780
141781
141782
141783
141784
141785
141786
141787
141788
141789
141790
141791
141792
141793
141794
141795
141796
141797
141798
141799
141800
141801
141802
141803
141804
141805
141806
141807
141808
141809
141810
141811
141812
141813
141814
141815
141816
141817
141818
141819
141820
141821
141822
141823
141824
141825
141826
141827
141828
141829
141830
141831
141832
141833
141834
141835
141836
141837
141838
141839
141840
141841
141842
141843
141844
141845
141846
141847
141848
141849
141850
141851
141852
141853
141854
141855
141856
141857
141858
141859
141860
141861
141862
141863
141864
141865
141866
141867
141868
141869
141870
141871
141872
141873
141874
141875
141876
141877
141878
141879
141880
141881
141882
141883
141884
141885
141886
141887
141888
141889
141890
141891
141892
141893
141894
141895
141896
141897
141898
141899
141900
141901
141902
141903
141904
141905
141906
141907
141908
141909
141910
141911
141912
141913
141914
141915
141916
141917
141918
141919
141920
141921
141922
141923
141924
141925
141926
141927
141928
141929
141930
141931
141932
141933
141934
141935
141936
141937
141938
141939
141940
141941
141942
141943
141944
141945
141946
141947
141948
141949
141950
141951
141952
141953
141954
141955
141956
141957
141958
141959
141960
141961
141962
141963
141964
141965
141966
141967
141968
141969
141970
141971
141972
141973
141974
141975
141976
141977
141978
141979
141980
141981
141982
141983
141984
141985
141986
141987
141988
141989
141990
141991
141992
141993
141994
141995
141996
141997
141998
141999
142000
142001
142002
142003
142004
142005
142006
142007
142008
142009
808
751
142010
142011
759
142012
142013
142014
142015
142016
142017
142018
142019
142020
142021
142022
142023
142024
142025
142026
142027
142028
142029
142030
142031
142032
142033
142034
142035
142036
142037
142038
142039
142040
142041
142042
142043
142044
142045
142046
142047
142048
142049
142050
142051
142052
142053
142054
142055
142056
142057
142058
142059
142060
142061
142062
142063
142064
142065
142066
142067
142068
142069
142070
142071
142072
142073
142074
142075
142076
142077
142078
142079
142080
142081
142082
142083
142084
142085
142086
142087
142088
142089
142090
142091
142092
142093
142094
142095
142096
142097
142098
142099
142100
142101
142102
142103
142104
142105
142106
142107
111547
142108
142109
142110
142111
142112
142113
142114
142115
142116
142117
142118
142119
142120
142121
142122
142123
142124
142125
142126
142127
142128
142129
142130
142131
142132
142133
142134
142135
142136
142137
142138
142139
142140
142141
142142
142143
142144
142145
142146
142147
142148
142149
142150
142151
142152
142153
142154
111443
111451
111459
111467
111473
111477
111481
111485
142155
142156
142157
142158
142159
142160
142161
142162
142163
142164
142165
142166
142167
142168
142169
142170
142171
142172
142173
142174
142175
142176
142177
142178
142179
142180
142181
142182
142183
142184
142185
142186
142187
142188
142189
142190
142191
142192
142193
142194
142195
142196
142197
142198
142199
142200
142201
142202
142203
142204
142205
142206
142207
142208
142209
142210
142211
142212
142213
142214
142215
142216
142217
142218
142219
142220
142221
142222
142223
142224
142225
142226
142227
142228
142229
142230
)


// ************************************************************************* //
