/*--------------------------------*- C++ -*----------------------------------*\
  =========                 |
  \\      /  F ield         | OpenFOAM: The Open Source CFD Toolbox
   \\    /   O peration     | Website:  https://openfoam.org
    \\  /    A nd           | Version:  7
     \\/     M anipulation  |
\*---------------------------------------------------------------------------*/
FoamFile
{
    version     2.0;
    format      ascii;
    class       labelList;
    note        "nPoints:11240  nCells:6755  nFaces:24258  nInternalFaces:19412";
    location    "constant/polyMesh";
    object      neighbour;
}
// * * * * * * * * * * * * * * * * * * * * * * * * * * * * * * * * * * * * * //


19412
(
1
13
260
3598
2
14
261
3
15
262
4
16
263
5
17
264
6
18
265
7
19
266
8
20
267
9
21
268
10
22
269
11
23
270
12
24
271
25
272
3258
14
26
273
3599
15
27
274
16
28
275
17
29
276
18
30
277
19
31
278
20
32
279
21
33
280
22
34
281
23
35
282
24
36
283
25
37
284
38
285
3259
27
39
286
3600
28
40
287
29
41
288
30
42
289
31
43
290
32
44
291
33
45
292
34
46
293
35
47
294
36
48
295
37
49
296
38
50
297
51
298
3260
40
52
299
3601
41
53
300
42
54
301
43
55
302
44
56
303
45
57
304
46
58
305
47
59
306
48
60
307
49
61
308
50
62
309
51
63
310
64
311
3261
53
65
312
3602
54
66
313
55
67
314
56
68
315
57
69
316
58
70
317
59
71
318
60
72
319
61
73
320
62
74
321
63
75
322
64
76
323
77
324
3262
66
78
325
3603
67
79
326
68
80
327
69
81
328
70
82
329
71
83
330
72
84
331
73
85
332
74
86
333
75
87
334
76
88
335
77
89
336
90
337
3263
79
91
338
3604
80
92
339
81
93
340
82
94
341
83
95
342
84
96
343
85
97
344
86
98
345
87
99
346
88
100
347
89
101
348
90
102
349
103
350
3264
92
104
351
3605
93
105
352
94
106
353
95
107
354
96
108
355
97
109
356
98
110
357
99
111
358
100
112
359
101
113
360
102
114
361
103
115
362
116
363
3265
105
117
364
3606
106
118
365
107
119
366
108
120
367
109
121
368
110
122
369
111
123
370
112
124
371
113
125
372
114
126
373
115
127
374
116
128
375
129
376
3266
118
130
377
3607
119
131
378
120
132
379
121
133
380
122
134
381
123
135
382
124
136
383
125
137
384
126
138
385
127
139
386
128
140
387
129
141
388
142
389
3267
131
143
390
3608
132
144
391
133
145
392
134
146
393
135
147
394
136
148
395
137
149
396
138
150
397
139
151
398
140
152
399
141
153
400
142
154
401
155
402
3268
144
156
403
3609
145
157
404
146
158
405
147
159
406
148
160
407
149
161
408
150
162
409
151
163
410
152
164
411
153
165
412
154
166
413
155
167
414
168
415
3269
157
169
416
3610
158
170
417
159
171
418
160
172
419
161
173
420
162
174
421
163
175
422
164
176
423
165
177
424
166
178
425
167
179
426
168
180
427
181
428
3270
170
182
429
3611
171
183
430
172
184
431
173
185
432
174
186
433
175
187
434
176
188
435
177
189
436
178
190
437
179
191
438
180
192
439
181
193
440
194
441
3271
183
195
442
3612
184
196
443
185
197
444
186
198
445
187
199
446
188
200
447
189
201
448
190
202
449
191
203
450
192
204
451
193
205
452
194
206
453
207
454
3272
196
208
455
3613
197
209
456
198
210
457
199
211
458
200
212
459
201
213
460
202
214
461
203
215
462
204
216
463
205
217
464
206
218
465
207
219
466
220
467
3273
209
221
468
3614
210
222
469
211
223
470
212
224
471
213
225
472
214
226
473
215
227
474
216
228
475
217
229
476
218
230
477
219
231
478
220
232
479
233
480
3274
222
234
481
3615
223
235
482
224
236
483
225
237
484
226
238
485
227
239
486
228
240
487
229
241
488
230
242
489
231
243
490
232
244
491
233
245
492
246
493
3275
235
247
494
2600
2601
2602
3616
236
248
495
2605
2606
2607
237
249
496
2610
2611
2612
238
250
497
2615
2616
2617
239
251
498
2620
2621
2622
240
252
499
2625
2626
2627
241
253
500
2630
2631
2632
242
254
501
2635
2636
2637
243
255
502
2640
2641
2642
244
256
503
2645
2646
2647
245
257
504
2650
2651
2652
246
258
505
2655
2656
2657
259
506
2660
3276
3467
3468
2600
2601
2725
2726
2727
2728
2905
2600
2605
2606
2733
2734
2735
2736
2605
2610
2611
2741
2742
2743
2744
2610
2615
2616
2749
2750
2751
2752
2615
2620
2621
2757
2758
2759
2760
2620
2625
2626
2765
2766
2767
2768
2625
2630
2631
2773
2774
2775
2776
2630
2635
2636
2781
2782
2783
2784
2635
2640
2641
2789
2790
2791
2792
2640
2645
2646
2797
2798
2799
2800
2645
2650
2651
2805
2806
2807
2808
2650
2655
2656
2813
2814
2815
2816
2655
2660
2821
2822
2823
2824
3467
261
273
520
3618
262
274
521
263
275
522
264
276
523
265
277
524
266
278
525
267
279
526
268
280
527
269
281
528
270
282
529
271
283
530
272
284
531
285
532
3278
274
286
533
3619
275
287
534
276
288
535
277
289
536
278
290
537
279
291
538
280
292
539
281
293
540
282
294
541
283
295
542
284
296
543
285
297
544
298
545
3279
287
299
546
3620
288
300
547
289
301
548
290
302
549
291
303
550
292
304
551
293
305
552
294
306
553
295
307
554
296
308
555
297
309
556
298
310
557
311
558
3280
300
312
559
3621
301
313
560
302
314
561
303
315
562
304
316
563
305
317
564
306
318
565
307
319
566
308
320
567
309
321
568
310
322
569
311
323
570
324
571
3281
313
325
572
3622
314
326
573
315
327
574
316
328
575
317
329
576
318
330
577
319
331
578
320
332
579
321
333
580
322
334
581
323
335
582
324
336
583
337
584
3282
326
338
585
3623
327
339
586
328
340
587
329
341
588
330
342
589
331
343
590
332
344
591
333
345
592
334
346
593
335
347
594
336
348
595
337
349
596
350
597
3283
339
351
598
3624
340
352
599
341
353
600
342
354
601
343
355
602
344
356
603
345
357
604
346
358
605
347
359
606
348
360
607
349
361
608
350
362
609
363
610
3284
352
364
611
3625
353
365
612
354
366
613
355
367
614
356
368
615
357
369
616
358
370
617
359
371
618
360
372
619
361
373
620
362
374
621
363
375
622
376
623
3285
365
377
624
3626
366
378
625
367
379
626
368
380
627
369
381
628
370
382
629
371
383
630
372
384
631
373
385
632
374
386
633
375
387
634
376
388
635
389
636
3286
378
390
637
3627
379
391
638
380
392
639
381
393
640
382
394
641
383
395
642
384
396
643
385
397
644
386
398
645
387
399
646
388
400
647
389
401
648
402
649
3287
391
403
650
3628
392
404
651
393
405
652
394
406
653
395
407
654
396
408
655
397
409
656
398
410
657
399
411
658
400
412
659
401
413
660
402
414
661
415
662
3288
404
416
663
3629
405
417
664
406
418
665
407
419
666
408
420
667
409
421
668
410
422
669
411
423
670
412
424
671
413
425
672
414
426
673
415
427
674
428
675
3289
417
429
676
3630
418
430
677
419
431
678
420
432
679
421
433
680
422
434
681
423
435
682
424
436
683
425
437
684
426
438
685
427
439
686
428
440
687
441
688
3290
430
442
689
3631
431
443
690
432
444
691
433
445
692
434
446
693
435
447
694
436
448
695
437
449
696
438
450
697
439
451
698
440
452
699
441
453
700
454
701
3291
443
455
702
3632
444
456
703
445
457
704
446
458
705
447
459
706
448
460
707
449
461
708
450
462
709
451
463
710
452
464
711
453
465
712
454
466
713
467
714
3292
456
468
715
3633
457
469
716
458
470
717
459
471
718
460
472
719
461
473
720
462
474
721
463
475
722
464
476
723
465
477
724
466
478
725
467
479
726
480
727
3293
469
481
728
3634
470
482
729
471
483
730
472
484
731
473
485
732
474
486
733
475
487
734
476
488
735
477
489
736
478
490
737
479
491
738
480
492
739
493
740
3294
482
494
741
3635
483
495
742
484
496
743
485
497
744
486
498
745
487
499
746
488
500
747
489
501
748
490
502
749
491
503
750
492
504
751
493
505
752
506
753
3295
495
507
754
3636
3842
3844
3846
496
508
755
3848
3851
3852
497
509
756
3855
3858
3859
498
510
757
3862
3865
3866
499
511
758
3869
3872
3873
500
512
759
3876
3879
3880
501
513
760
3883
3886
3887
502
514
761
3890
3893
3894
503
515
762
3897
3900
3901
504
516
763
3904
3907
3908
505
517
764
3911
3914
3915
506
518
765
3918
3921
3922
519
766
3296
3926
3928
3930
2601
3637
3841
3842
3844
2606
3844
3848
3849
3851
2611
3848
3855
3856
3858
2616
3855
3862
3863
3865
2621
3862
3869
3870
3872
2626
3869
3876
3877
3879
2631
3876
3883
3884
3886
2636
3883
3890
3891
3893
2641
3890
3897
3898
3900
2646
3897
3904
3905
3907
2651
3904
3911
3912
3914
2656
3911
3918
3919
3921
3297
3468
3925
3926
3928
521
533
780
3638
522
534
781
523
535
782
524
536
783
525
537
784
526
538
785
527
539
786
528
540
787
529
541
788
530
542
789
531
543
790
532
544
791
545
792
3298
534
546
793
3639
535
547
794
536
548
795
537
549
796
538
550
797
539
551
798
540
552
799
541
553
800
542
554
801
543
555
802
544
556
803
545
557
804
558
805
3299
547
559
806
3640
548
560
807
549
561
808
550
562
809
551
563
810
552
564
811
553
565
812
554
566
813
555
567
814
556
568
815
557
569
816
558
570
817
571
818
3300
560
572
819
3641
561
573
820
562
574
821
563
575
822
564
576
823
565
577
824
566
578
825
567
579
826
568
580
827
569
581
828
570
582
829
571
583
830
584
831
3301
573
585
832
3642
574
586
833
575
587
834
576
588
835
577
589
836
578
590
837
579
591
838
580
592
839
581
593
840
582
594
841
583
595
842
584
596
843
597
844
3302
586
598
845
3643
587
599
846
588
600
847
589
601
848
590
602
849
591
603
850
592
604
851
593
605
852
594
606
853
595
607
854
596
608
855
597
609
856
610
857
3303
599
611
858
3644
600
612
859
601
613
860
602
614
861
603
615
862
604
616
863
605
617
864
606
618
865
607
619
866
608
620
867
609
621
868
610
622
869
623
870
3304
612
624
871
3645
613
625
872
614
626
873
615
627
874
616
628
875
617
629
876
618
630
877
619
631
878
620
632
879
621
633
880
622
634
881
623
635
882
636
883
3305
625
637
884
3646
626
638
885
627
639
886
628
640
887
629
641
888
630
642
889
631
643
890
632
644
891
633
645
892
634
646
893
635
647
894
636
648
895
649
896
3306
638
650
897
3647
639
651
898
640
652
899
641
653
900
642
654
901
643
655
902
644
656
903
645
657
904
646
658
905
647
659
906
648
660
907
649
661
908
662
909
3307
651
663
910
3648
652
664
911
653
665
912
654
666
913
655
667
914
656
668
915
657
669
916
658
670
917
659
671
918
660
672
919
661
673
920
662
674
921
675
922
3308
664
676
923
3649
665
677
924
666
678
925
667
679
926
668
680
927
669
681
928
670
682
929
671
683
930
672
684
931
673
685
932
674
686
933
675
687
934
688
935
3309
677
689
936
3650
678
690
937
679
691
938
680
692
939
681
693
940
682
694
941
683
695
942
684
696
943
685
697
944
686
698
945
687
699
946
688
700
947
701
948
3310
690
702
949
3651
691
703
950
692
704
951
693
705
952
694
706
953
695
707
954
696
708
955
697
709
956
698
710
957
699
711
958
700
712
959
701
713
960
714
961
3311
703
715
962
3652
704
716
963
705
717
964
706
718
965
707
719
966
708
720
967
709
721
968
710
722
969
711
723
970
712
724
971
713
725
972
714
726
973
727
974
3312
716
728
975
3653
717
729
976
718
730
977
719
731
978
720
732
979
721
733
980
722
734
981
723
735
982
724
736
983
725
737
984
726
738
985
727
739
986
740
987
3313
729
741
988
3654
730
742
989
731
743
990
732
744
991
733
745
992
734
746
993
735
747
994
736
748
995
737
749
996
738
750
997
739
751
998
740
752
999
753
1000
3314
742
754
1001
3655
743
755
1002
744
756
1003
745
757
1004
746
758
1005
747
759
1006
748
760
1007
749
761
1008
750
762
1009
751
763
1010
752
764
1011
753
765
1012
766
1013
3315
755
767
1014
3656
756
768
1015
757
769
1016
758
770
1017
759
771
1018
760
772
1019
761
773
1020
762
774
1021
763
775
1022
764
776
1023
765
777
1024
766
778
1025
779
1026
3316
768
1027
3657
3842
3843
3846
3847
769
1028
3851
3852
3853
3854
770
1029
3858
3859
3860
3861
771
1030
3865
3866
3867
3868
772
1031
3872
3873
3874
3875
773
1032
3879
3880
3881
3882
774
1033
3886
3887
3888
3889
775
1034
3893
3894
3895
3896
776
1035
3900
3901
3902
3903
777
1036
3907
3908
3909
3910
778
1037
3914
3915
3916
3917
779
1038
3921
3922
3923
3924
1039
3317
3926
3927
3930
3931
781
793
1040
3658
782
794
1041
783
795
1042
784
796
1043
785
797
1044
786
798
1045
787
799
1046
788
800
1047
789
801
1048
790
802
1049
791
803
1050
792
804
1051
805
1052
3318
794
806
1053
3659
795
807
1054
796
808
1055
797
809
1056
798
810
1057
799
811
1058
800
812
1059
801
813
1060
802
814
1061
803
815
1062
804
816
1063
805
817
1064
818
1065
3319
807
819
1066
3660
808
820
1067
809
821
1068
810
822
1069
811
823
1070
812
824
1071
813
825
1072
814
826
1073
815
827
1074
816
828
1075
817
829
1076
818
830
1077
831
1078
3320
820
832
1079
3661
821
833
1080
822
834
1081
823
835
1082
824
836
1083
825
837
1084
826
838
1085
827
839
1086
828
840
1087
829
841
1088
830
842
1089
831
843
1090
844
1091
3321
833
845
1092
3662
834
846
1093
835
847
1094
836
848
1095
837
849
1096
838
850
1097
839
851
1098
840
852
1099
841
853
1100
842
854
1101
843
855
1102
844
856
1103
857
1104
3322
846
858
1105
3663
847
859
1106
848
860
1107
849
861
1108
850
862
1109
851
863
1110
852
864
1111
853
865
1112
854
866
1113
855
867
1114
856
868
1115
857
869
1116
870
1117
3323
859
871
1118
3664
860
872
1119
861
873
1120
862
874
1121
863
875
1122
864
876
1123
865
877
1124
866
878
1125
867
879
1126
868
880
1127
869
881
1128
870
882
1129
883
1130
3324
872
884
1131
3665
873
885
1132
874
886
1133
875
887
1134
876
888
1135
877
889
1136
878
890
1137
879
891
1138
880
892
1139
881
893
1140
882
894
1141
883
895
1142
896
1143
3325
885
897
1144
3666
886
898
1145
887
899
1146
888
900
1147
889
901
1148
890
902
1149
891
903
1150
892
904
1151
893
905
1152
894
906
1153
895
907
1154
896
908
1155
909
1156
3326
898
910
1157
3667
899
911
1158
900
912
1159
901
913
1160
902
914
1161
903
915
1162
904
916
1163
905
917
1164
906
918
1165
907
919
1166
908
920
1167
909
921
1168
922
1169
3327
911
923
1170
3668
912
924
1171
913
925
1172
914
926
1173
915
927
1174
916
928
1175
917
929
1176
918
930
1177
919
931
1178
920
932
1179
921
933
1180
922
934
1181
935
1182
3328
924
936
1183
3669
925
937
1184
926
938
1185
927
939
1186
928
940
1187
929
941
1188
930
942
1189
931
943
1190
932
944
1191
933
945
1192
934
946
1193
935
947
1194
948
1195
3329
937
949
1196
3670
938
950
1197
939
951
1198
940
952
1199
941
953
1200
942
954
1201
943
955
1202
944
956
1203
945
957
1204
946
958
1205
947
959
1206
948
960
1207
961
1208
3330
950
962
1209
3671
951
963
1210
952
964
1211
953
965
1212
954
966
1213
955
967
1214
956
968
1215
957
969
1216
958
970
1217
959
971
1218
960
972
1219
961
973
1220
974
1221
3331
963
975
1222
3672
964
976
1223
965
977
1224
966
978
1225
967
979
1226
968
980
1227
969
981
1228
970
982
1229
971
983
1230
972
984
1231
973
985
1232
974
986
1233
987
1234
3332
976
988
1235
3673
977
989
1236
978
990
1237
979
991
1238
980
992
1239
981
993
1240
982
994
1241
983
995
1242
984
996
1243
985
997
1244
986
998
1245
987
999
1246
1000
1247
3333
989
1001
1248
3674
990
1002
1249
991
1003
1250
992
1004
1251
993
1005
1252
994
1006
1253
995
1007
1254
996
1008
1255
997
1009
1256
998
1010
1257
999
1011
1258
1000
1012
1259
1013
1260
3334
1002
1014
1261
3675
1003
1015
1262
1004
1016
1263
1005
1017
1264
1006
1018
1265
1007
1019
1266
1008
1020
1267
1009
1021
1268
1010
1022
1269
1011
1023
1270
1012
1024
1271
1013
1025
1272
1026
1273
3335
1015
1027
1274
3676
1016
1028
1275
1017
1029
1276
1018
1030
1277
1019
1031
1278
1020
1032
1279
1021
1033
1280
1022
1034
1281
1023
1035
1282
1024
1036
1283
1025
1037
1284
1026
1038
1285
1039
1286
3336
1028
1287
3677
1029
1288
1030
1289
1031
1290
1032
1291
1033
1292
1034
1293
1035
1294
1036
1295
1037
1296
1038
1297
1039
1298
1299
3337
1041
1053
1300
3678
1042
1054
1301
1043
1055
1302
1044
1056
1303
1045
1057
1304
1046
1058
1305
1047
1059
1306
1048
1060
1307
1049
1061
1308
1050
1062
1309
1051
1063
1310
1052
1064
1311
1065
1312
3338
1054
1066
1313
3679
1055
1067
1314
1056
1068
1315
1057
1069
1316
1058
1070
1317
1059
1071
1318
1060
1072
1319
1061
1073
1320
1062
1074
1321
1063
1075
1322
1064
1076
1323
1065
1077
1324
1078
1325
3339
1067
1079
1326
3680
1068
1080
1327
1069
1081
1328
1070
1082
1329
1071
1083
1330
1072
1084
1331
1073
1085
1332
1074
1086
1333
1075
1087
1334
1076
1088
1335
1077
1089
1336
1078
1090
1337
1091
1338
3340
1080
1092
1339
3681
1081
1093
1340
1082
1094
1341
1083
1095
1342
1084
1096
1343
1085
1097
1344
1086
1098
1345
1087
1099
1346
1088
1100
1347
1089
1101
1348
1090
1102
1349
1091
1103
1350
1104
1351
3341
1093
1105
1352
3682
1094
1106
1353
1095
1107
1354
1096
1108
1355
1097
1109
1356
1098
1110
1357
1099
1111
1358
1100
1112
1359
1101
1113
1360
1102
1114
1361
1103
1115
1362
1104
1116
1363
1117
1364
3342
1106
1118
1365
3683
1107
1119
1366
1108
1120
1367
1109
1121
1368
1110
1122
1369
1111
1123
1370
1112
1124
1371
1113
1125
1372
1114
1126
1373
1115
1127
1374
1116
1128
1375
1117
1129
1376
1130
1377
3343
1119
1131
1378
3684
1120
1132
1379
1121
1133
1380
1122
1134
1381
1123
1135
1382
1124
1136
1383
1125
1137
1384
1126
1138
1385
1127
1139
1386
1128
1140
1387
1129
1141
1388
1130
1142
1389
1143
1390
3344
1132
1144
1391
3685
1133
1145
1392
1134
1146
1393
1135
1147
1394
1136
1148
1395
1137
1149
1396
1138
1150
1397
1139
1151
1398
1140
1152
1399
1141
1153
1400
1142
1154
1401
1143
1155
1402
1156
1403
3345
1145
1157
1404
3686
1146
1158
1405
1147
1159
1406
1148
1160
1407
1149
1161
1408
1150
1162
1409
1151
1163
1410
1152
1164
1411
1153
1165
1412
1154
1166
1413
1155
1167
1414
1156
1168
1415
1169
1416
3346
1158
1170
1417
3687
1159
1171
1418
1160
1172
1419
1161
1173
1420
1162
1174
1421
1163
1175
1422
1164
1176
1423
1165
1177
1424
1166
1178
1425
1167
1179
1426
1168
1180
1427
1169
1181
1428
1182
1429
3347
1171
1183
1430
3688
1172
1184
1431
1173
1185
1432
1174
1186
1433
1175
1187
1434
1176
1188
1435
1177
1189
1436
1178
1190
1437
1179
1191
1438
1180
1192
1439
1181
1193
1440
1182
1194
1441
1195
1442
3348
1184
1196
1443
3689
1185
1197
1444
1186
1198
1445
1187
1199
1446
1188
1200
1447
1189
1201
1448
1190
1202
1449
1191
1203
1450
1192
1204
1451
1193
1205
1452
1194
1206
1453
1195
1207
1454
1208
1455
3349
1197
1209
1456
3690
1198
1210
1457
1199
1211
1458
1200
1212
1459
1201
1213
1460
1202
1214
1461
1203
1215
1462
1204
1216
1463
1205
1217
1464
1206
1218
1465
1207
1219
1466
1208
1220
1467
1221
1468
3350
1210
1222
1469
3691
1211
1223
1470
1212
1224
1471
1213
1225
1472
1214
1226
1473
1215
1227
1474
1216
1228
1475
1217
1229
1476
1218
1230
1477
1219
1231
1478
1220
1232
1479
1221
1233
1480
1234
1481
3351
1223
1235
1482
3692
1224
1236
1483
1225
1237
1484
1226
1238
1485
1227
1239
1486
1228
1240
1487
1229
1241
1488
1230
1242
1489
1231
1243
1490
1232
1244
1491
1233
1245
1492
1234
1246
1493
1247
1494
3352
1236
1248
1495
3693
1237
1249
1496
1238
1250
1497
1239
1251
1498
1240
1252
1499
1241
1253
1500
1242
1254
1501
1243
1255
1502
1244
1256
1503
1245
1257
1504
1246
1258
1505
1247
1259
1506
1260
1507
3353
1249
1261
1508
3694
1250
1262
1509
1251
1263
1510
1252
1264
1511
1253
1265
1512
1254
1266
1513
1255
1267
1514
1256
1268
1515
1257
1269
1516
1258
1270
1517
1259
1271
1518
1260
1272
1519
1273
1520
3354
1262
1274
1521
3695
1263
1275
1522
1264
1276
1523
1265
1277
1524
1266
1278
1525
1267
1279
1526
1268
1280
1527
1269
1281
1528
1270
1282
1529
1271
1283
1530
1272
1284
1531
1273
1285
1532
1286
1533
3355
1275
1287
1534
3696
1276
1288
1535
1277
1289
1536
1278
1290
1537
1279
1291
1538
1280
1292
1539
1281
1293
1540
1282
1294
1541
1283
1295
1542
1284
1296
1543
1285
1297
1544
1286
1298
1545
1299
1546
3356
1288
1547
3697
1289
1548
1290
1549
1291
1550
1292
1551
1293
1552
1294
1553
1295
1554
1296
1555
1297
1556
1298
1557
1299
1558
1559
3357
1301
1313
1560
3698
1302
1314
1561
1303
1315
1562
1304
1316
1563
1305
1317
1564
1306
1318
1565
1307
1319
1566
1308
1320
1567
1309
1321
1568
1310
1322
1569
1311
1323
1570
1312
1324
1571
1325
1572
3358
1314
1326
1573
3699
1315
1327
1574
1316
1328
1575
1317
1329
1576
1318
1330
1577
1319
1331
1578
1320
1332
1579
1321
1333
1580
1322
1334
1581
1323
1335
1582
1324
1336
1583
1325
1337
1584
1338
1585
3359
1327
1339
1586
3700
1328
1340
1587
1329
1341
1588
1330
1342
1589
1331
1343
1590
1332
1344
1591
1333
1345
1592
1334
1346
1593
1335
1347
1594
1336
1348
1595
1337
1349
1596
1338
1350
1597
1351
1598
3360
1340
1352
1599
3701
1341
1353
1600
1342
1354
1601
1343
1355
1602
1344
1356
1603
1345
1357
1604
1346
1358
1605
1347
1359
1606
1348
1360
1607
1349
1361
1608
1350
1362
1609
1351
1363
1610
1364
1611
3361
1353
1365
1612
3702
1354
1366
1613
1355
1367
1614
1356
1368
1615
1357
1369
1616
1358
1370
1617
1359
1371
1618
1360
1372
1619
1361
1373
1620
1362
1374
1621
1363
1375
1622
1364
1376
1623
1377
1624
3362
1366
1378
1625
3703
1367
1379
1626
1368
1380
1627
1369
1381
1628
1370
1382
1629
1371
1383
1630
1372
1384
1631
1373
1385
1632
1374
1386
1633
1375
1387
1634
1376
1388
1635
1377
1389
1636
1390
1637
3363
1379
1391
1638
3704
1380
1392
1639
1381
1393
1640
1382
1394
1641
1383
1395
1642
1384
1396
1643
1385
1397
1644
1386
1398
1645
1387
1399
1646
1388
1400
1647
1389
1401
1648
1390
1402
1649
1403
1650
3364
1392
1404
1651
3705
1393
1405
1652
1394
1406
1653
1395
1407
1654
1396
1408
1655
1397
1409
1656
1398
1410
1657
1399
1411
1658
1400
1412
1659
1401
1413
1660
1402
1414
1661
1403
1415
1662
1416
1663
3365
1405
1417
1664
3706
1406
1418
1665
1407
1419
1666
1408
1420
1667
1409
1421
1668
1410
1422
1669
1411
1423
1670
1412
1424
1671
1413
1425
1672
1414
1426
1673
1415
1427
1674
1416
1428
1675
1429
1676
3366
1418
1430
1677
3707
1419
1431
1678
1420
1432
1679
1421
1433
1680
1422
1434
1681
1423
1435
1682
1424
1436
1683
1425
1437
1684
1426
1438
1685
1427
1439
1686
1428
1440
1687
1429
1441
1688
1442
1689
3367
1431
1443
1690
3708
1432
1444
1691
1433
1445
1692
1434
1446
1693
1435
1447
1694
1436
1448
1695
1437
1449
1696
1438
1450
1697
1439
1451
1698
1440
1452
1699
1441
1453
1700
1442
1454
1701
1455
1702
3368
1444
1456
1703
3709
1445
1457
1704
1446
1458
1705
1447
1459
1706
1448
1460
1707
1449
1461
1708
1450
1462
1709
1451
1463
1710
1452
1464
1711
1453
1465
1712
1454
1466
1713
1455
1467
1714
1468
1715
3369
1457
1469
1716
3710
1458
1470
1717
1459
1471
1718
1460
1472
1719
1461
1473
1720
1462
1474
1721
1463
1475
1722
1464
1476
1723
1465
1477
1724
1466
1478
1725
1467
1479
1726
1468
1480
1727
1481
1728
3370
1470
1482
1729
3711
1471
1483
1730
1472
1484
1731
1473
1485
1732
1474
1486
1733
1475
1487
1734
1476
1488
1735
1477
1489
1736
1478
1490
1737
1479
1491
1738
1480
1492
1739
1481
1493
1740
1494
1741
3371
1483
1495
1742
3712
1484
1496
1743
1485
1497
1744
1486
1498
1745
1487
1499
1746
1488
1500
1747
1489
1501
1748
1490
1502
1749
1491
1503
1750
1492
1504
1751
1493
1505
1752
1494
1506
1753
1507
1754
3372
1496
1508
1755
3713
1497
1509
1756
1498
1510
1757
1499
1511
1758
1500
1512
1759
1501
1513
1760
1502
1514
1761
1503
1515
1762
1504
1516
1763
1505
1517
1764
1506
1518
1765
1507
1519
1766
1520
1767
3373
1509
1521
1768
3714
1510
1522
1769
1511
1523
1770
1512
1524
1771
1513
1525
1772
1514
1526
1773
1515
1527
1774
1516
1528
1775
1517
1529
1776
1518
1530
1777
1519
1531
1778
1520
1532
1779
1533
1780
3374
1522
1534
1781
3715
1523
1535
1782
1524
1536
1783
1525
1537
1784
1526
1538
1785
1527
1539
1786
1528
1540
1787
1529
1541
1788
1530
1542
1789
1531
1543
1790
1532
1544
1791
1533
1545
1792
1546
1793
3375
1535
1547
1794
3716
1536
1548
1795
1537
1549
1796
1538
1550
1797
1539
1551
1798
1540
1552
1799
1541
1553
1800
1542
1554
1801
1543
1555
1802
1544
1556
1803
1545
1557
1804
1546
1558
1805
1559
1806
3376
1548
1807
3717
1549
1808
1550
1809
1551
1810
1552
1811
1553
1812
1554
1813
1555
1814
1556
1815
1557
1816
1558
1817
1559
1818
1819
3377
1561
1573
1820
3248
1562
1574
1821
1563
1575
1822
1564
1576
1823
1565
1577
1824
1566
1578
1825
1567
1579
1826
1568
1580
1827
1569
1581
1828
1570
1582
1829
1571
1583
1830
1572
1584
1831
1585
1832
3378
1574
1586
1833
3718
1575
1587
1834
1576
1588
1835
1577
1589
1836
1578
1590
1837
1579
1591
1838
1580
1592
1839
1581
1593
1840
1582
1594
1841
1583
1595
1842
1584
1596
1843
1585
1597
1844
1598
1845
3379
1587
1599
1846
3719
1588
1600
1847
1589
1601
1848
1590
1602
1849
1591
1603
1850
1592
1604
1851
1593
1605
1852
1594
1606
1853
1595
1607
1854
1596
1608
1855
1597
1609
1856
1598
1610
1857
1611
1858
3380
1600
1612
1859
3720
1601
1613
1860
1602
1614
1861
1603
1615
1862
1604
1616
1863
1605
1617
1864
1606
1618
1865
1607
1619
1866
1608
1620
1867
1609
1621
1868
1610
1622
1869
1611
1623
1870
1624
1871
3381
1613
1625
1872
3721
1614
1626
1873
1615
1627
1874
1616
1628
1875
1617
1629
1876
1618
1630
1877
1619
1631
1878
1620
1632
1879
1621
1633
1880
1622
1634
1881
1623
1635
1882
1624
1636
1883
1637
1884
3382
1626
1638
1885
3722
1627
1639
1886
1628
1640
1887
1629
1641
1888
1630
1642
1889
1631
1643
1890
1632
1644
1891
1633
1645
1892
1634
1646
1893
1635
1647
1894
1636
1648
1895
1637
1649
1896
1650
1897
3383
1639
1651
1898
3723
1640
1652
1899
1641
1653
1900
1642
1654
1901
1643
1655
1902
1644
1656
1903
1645
1657
1904
1646
1658
1905
1647
1659
1906
1648
1660
1907
1649
1661
1908
1650
1662
1909
1663
1910
3384
1652
1664
1911
3724
1653
1665
1912
1654
1666
1913
1655
1667
1914
1656
1668
1915
1657
1669
1916
1658
1670
1917
1659
1671
1918
1660
1672
1919
1661
1673
1920
1662
1674
1921
1663
1675
1922
1676
1923
3385
1665
1677
1924
3725
1666
1678
1925
1667
1679
1926
1668
1680
1927
1669
1681
1928
1670
1682
1929
1671
1683
1930
1672
1684
1931
1673
1685
1932
1674
1686
1933
1675
1687
1934
1676
1688
1935
1689
1936
3386
1678
1690
1937
3726
1679
1691
1938
1680
1692
1939
1681
1693
1940
1682
1694
1941
1683
1695
1942
1684
1696
1943
1685
1697
1944
1686
1698
1945
1687
1699
1946
1688
1700
1947
1689
1701
1948
1702
1949
3387
1691
1703
1950
3727
1692
1704
1951
1693
1705
1952
1694
1706
1953
1695
1707
1954
1696
1708
1955
1697
1709
1956
1698
1710
1957
1699
1711
1958
1700
1712
1959
1701
1713
1960
1702
1714
1961
1715
1962
3388
1704
1716
1963
3728
1705
1717
1964
1706
1718
1965
1707
1719
1966
1708
1720
1967
1709
1721
1968
1710
1722
1969
1711
1723
1970
1712
1724
1971
1713
1725
1972
1714
1726
1973
1715
1727
1974
1728
1975
3389
1717
1729
1976
3729
1718
1730
1977
1719
1731
1978
1720
1732
1979
1721
1733
1980
1722
1734
1981
1723
1735
1982
1724
1736
1983
1725
1737
1984
1726
1738
1985
1727
1739
1986
1728
1740
1987
1741
1988
3390
1730
1742
1989
3730
1731
1743
1990
1732
1744
1991
1733
1745
1992
1734
1746
1993
1735
1747
1994
1736
1748
1995
1737
1749
1996
1738
1750
1997
1739
1751
1998
1740
1752
1999
1741
1753
2000
1754
2001
3391
1743
1755
2002
3731
1744
1756
2003
1745
1757
2004
1746
1758
2005
1747
1759
2006
1748
1760
2007
1749
1761
2008
1750
1762
2009
1751
1763
2010
1752
1764
2011
1753
1765
2012
1754
1766
2013
1767
2014
3392
1756
1768
2015
3732
1757
1769
2016
1758
1770
2017
1759
1771
2018
1760
1772
2019
1761
1773
2020
1762
1774
2021
1763
1775
2022
1764
1776
2023
1765
1777
2024
1766
1778
2025
1767
1779
2026
1780
2027
3393
1769
1781
2028
3733
1770
1782
2029
1771
1783
2030
1772
1784
2031
1773
1785
2032
1774
1786
2033
1775
1787
2034
1776
1788
2035
1777
1789
2036
1778
1790
2037
1779
1791
2038
1780
1792
2039
1793
2040
3394
1782
1794
2041
3734
1783
1795
2042
1784
1796
2043
1785
1797
2044
1786
1798
2045
1787
1799
2046
1788
1800
2047
1789
1801
2048
1790
1802
2049
1791
1803
2050
1792
1804
2051
1793
1805
2052
1806
2053
3395
1795
1807
2054
3735
1796
1808
2055
1797
1809
2056
1798
1810
2057
1799
1811
2058
1800
1812
2059
1801
1813
2060
1802
1814
2061
1803
1815
2062
1804
1816
2063
1805
1817
2064
1806
1818
2065
1819
2066
3396
1808
2067
3736
1809
2068
1810
2069
1811
2070
1812
2071
1813
2072
1814
2073
1815
2074
1816
2075
1817
2076
1818
2077
1819
2078
2079
3397
1821
1833
2080
3249
1822
1834
2081
1823
1835
2082
1824
1836
2083
1825
1837
2084
1826
1838
2085
1827
1839
2086
1828
1840
2087
1829
1841
2088
1830
1842
2089
1831
1843
2090
1832
1844
2091
1845
2092
3398
1834
1846
2093
3250
1835
1847
2094
1836
1848
2095
1837
1849
2096
1838
1850
2097
1839
1851
2098
1840
1852
2099
1841
1853
2100
1842
1854
2101
1843
1855
2102
1844
1856
2103
1845
1857
2104
1858
2105
3399
1847
1859
2106
3737
1848
1860
2107
1849
1861
2108
1850
1862
2109
1851
1863
2110
1852
1864
2111
1853
1865
2112
1854
1866
2113
1855
1867
2114
1856
1868
2115
1857
1869
2116
1858
1870
2117
1871
2118
3400
1860
1872
2119
3738
1861
1873
2120
1862
1874
2121
1863
1875
2122
1864
1876
2123
1865
1877
2124
1866
1878
2125
1867
1879
2126
1868
1880
2127
1869
1881
2128
1870
1882
2129
1871
1883
2130
1884
2131
3401
1873
1885
2132
3739
1874
1886
2133
1875
1887
2134
1876
1888
2135
1877
1889
2136
1878
1890
2137
1879
1891
2138
1880
1892
2139
1881
1893
2140
1882
1894
2141
1883
1895
2142
1884
1896
2143
1897
2144
3402
1886
1898
2145
3740
1887
1899
2146
1888
1900
2147
1889
1901
2148
1890
1902
2149
1891
1903
2150
1892
1904
2151
1893
1905
2152
1894
1906
2153
1895
1907
2154
1896
1908
2155
1897
1909
2156
1910
2157
3403
1899
1911
2158
3741
1900
1912
2159
1901
1913
2160
1902
1914
2161
1903
1915
2162
1904
1916
2163
1905
1917
2164
1906
1918
2165
1907
1919
2166
1908
1920
2167
1909
1921
2168
1910
1922
2169
1923
2170
3404
1912
1924
2171
3742
1913
1925
2172
1914
1926
2173
1915
1927
2174
1916
1928
2175
1917
1929
2176
1918
1930
2177
1919
1931
2178
1920
1932
2179
1921
1933
2180
1922
1934
2181
1923
1935
2182
1936
2183
3405
1925
1937
2184
3743
1926
1938
2185
1927
1939
2186
1928
1940
2187
1929
1941
2188
1930
1942
2189
1931
1943
2190
1932
1944
2191
1933
1945
2192
1934
1946
2193
1935
1947
2194
1936
1948
2195
1949
2196
3406
1938
1950
2197
3744
1939
1951
2198
1940
1952
2199
1941
1953
2200
1942
1954
2201
1943
1955
2202
1944
1956
2203
1945
1957
2204
1946
1958
2205
1947
1959
2206
1948
1960
2207
1949
1961
2208
1962
2209
3407
1951
1963
2210
3745
1952
1964
2211
1953
1965
2212
1954
1966
2213
1955
1967
2214
1956
1968
2215
1957
1969
2216
1958
1970
2217
1959
1971
2218
1960
1972
2219
1961
1973
2220
1962
1974
2221
1975
2222
3408
1964
1976
2223
3746
1965
1977
2224
1966
1978
2225
1967
1979
2226
1968
1980
2227
1969
1981
2228
1970
1982
2229
1971
1983
2230
1972
1984
2231
1973
1985
2232
1974
1986
2233
1975
1987
2234
1988
2235
3409
1977
1989
2236
3747
1978
1990
2237
1979
1991
2238
1980
1992
2239
1981
1993
2240
1982
1994
2241
1983
1995
2242
1984
1996
2243
1985
1997
2244
1986
1998
2245
1987
1999
2246
1988
2000
2247
2001
2248
3410
1990
2002
2249
3748
1991
2003
2250
1992
2004
2251
1993
2005
2252
1994
2006
2253
1995
2007
2254
1996
2008
2255
1997
2009
2256
1998
2010
2257
1999
2011
2258
2000
2012
2259
2001
2013
2260
2014
2261
3411
2003
2015
2262
3749
2004
2016
2263
2005
2017
2264
2006
2018
2265
2007
2019
2266
2008
2020
2267
2009
2021
2268
2010
2022
2269
2011
2023
2270
2012
2024
2271
2013
2025
2272
2014
2026
2273
2027
2274
3412
2016
2028
2275
3750
2017
2029
2276
2018
2030
2277
2019
2031
2278
2020
2032
2279
2021
2033
2280
2022
2034
2281
2023
2035
2282
2024
2036
2283
2025
2037
2284
2026
2038
2285
2027
2039
2286
2040
2287
3413
2029
2041
2288
3751
2030
2042
2289
2031
2043
2290
2032
2044
2291
2033
2045
2292
2034
2046
2293
2035
2047
2294
2036
2048
2295
2037
2049
2296
2038
2050
2297
2039
2051
2298
2040
2052
2299
2053
2300
3414
2042
2054
2301
3752
2043
2055
2302
2044
2056
2303
2045
2057
2304
2046
2058
2305
2047
2059
2306
2048
2060
2307
2049
2061
2308
2050
2062
2309
2051
2063
2310
2052
2064
2311
2053
2065
2312
2066
2313
3415
2055
2067
2314
3753
2056
2068
2315
2057
2069
2316
2058
2070
2317
2059
2071
2318
2060
2072
2319
2061
2073
2320
2062
2074
2321
2063
2075
2322
2064
2076
2323
2065
2077
2324
2066
2078
2325
2079
2326
3416
2068
3754
3933
3934
3935
3936
2069
2328
3939
3940
3941
2070
2329
3946
3947
3948
2071
2330
3953
3954
3955
2072
2331
3960
3961
3962
2073
2332
3967
3968
3969
2074
2333
3974
3975
3976
2075
2334
3981
3982
3983
2076
2335
3988
3989
3990
2077
2336
3995
3996
3997
2078
2337
4002
4003
4004
2079
2338
4009
4010
4011
3417
4017
4018
4019
4020
2081
2093
2340
3251
2082
2094
2341
2083
2095
2342
2084
2096
2343
2085
2097
2344
2086
2098
2345
2087
2099
2346
2088
2100
2347
2089
2101
2348
2090
2102
2349
2091
2103
2350
2092
2104
2351
2105
2352
3418
2094
2106
2353
3252
2095
2107
2354
2096
2108
2355
2097
2109
2356
2098
2110
2357
2099
2111
2358
2100
2112
2359
2101
2113
2360
2102
2114
2361
2103
2115
2362
2104
2116
2363
2105
2117
2364
2118
2365
3419
2107
2119
2366
3253
2108
2120
2367
2109
2121
2368
2110
2122
2369
2111
2123
2370
2112
2124
2371
2113
2125
2372
2114
2126
2373
2115
2127
2374
2116
2128
2375
2117
2129
2376
2118
2130
2377
2131
2378
3420
2120
2132
2379
3755
2121
2133
2380
2122
2134
2381
2123
2135
2382
2124
2136
2383
2125
2137
2384
2126
2138
2385
2127
2139
2386
2128
2140
2387
2129
2141
2388
2130
2142
2389
2131
2143
2390
2144
2391
3421
2133
2145
2392
3756
2134
2146
2393
2135
2147
2394
2136
2148
2395
2137
2149
2396
2138
2150
2397
2139
2151
2398
2140
2152
2399
2141
2153
2400
2142
2154
2401
2143
2155
2402
2144
2156
2403
2157
2404
3422
2146
2158
2405
3757
2147
2159
2406
2148
2160
2407
2149
2161
2408
2150
2162
2409
2151
2163
2410
2152
2164
2411
2153
2165
2412
2154
2166
2413
2155
2167
2414
2156
2168
2415
2157
2169
2416
2170
2417
3423
2159
2171
2418
3758
2160
2172
2419
2161
2173
2420
2162
2174
2421
2163
2175
2422
2164
2176
2423
2165
2177
2424
2166
2178
2425
2167
2179
2426
2168
2180
2427
2169
2181
2428
2170
2182
2429
2183
2430
3424
2172
2184
2431
3759
2173
2185
2432
2174
2186
2433
2175
2187
2434
2176
2188
2435
2177
2189
2436
2178
2190
2437
2179
2191
2438
2180
2192
2439
2181
2193
2440
2182
2194
2441
2183
2195
2442
2196
2443
3425
2185
2197
2444
3760
2186
2198
2445
2187
2199
2446
2188
2200
2447
2189
2201
2448
2190
2202
2449
2191
2203
2450
2192
2204
2451
2193
2205
2452
2194
2206
2453
2195
2207
2454
2196
2208
2455
2209
2456
3426
2198
2210
2457
3761
2199
2211
2458
2200
2212
2459
2201
2213
2460
2202
2214
2461
2203
2215
2462
2204
2216
2463
2205
2217
2464
2206
2218
2465
2207
2219
2466
2208
2220
2467
2209
2221
2468
2222
2469
3427
2211
2223
2470
3762
2212
2224
2471
2213
2225
2472
2214
2226
2473
2215
2227
2474
2216
2228
2475
2217
2229
2476
2218
2230
2477
2219
2231
2478
2220
2232
2479
2221
2233
2480
2222
2234
2481
2235
2482
3428
2224
2236
2483
3763
2225
2237
2484
2226
2238
2485
2227
2239
2486
2228
2240
2487
2229
2241
2488
2230
2242
2489
2231
2243
2490
2232
2244
2491
2233
2245
2492
2234
2246
2493
2235
2247
2494
2248
2495
3429
2237
2249
2496
3764
2238
2250
2497
2239
2251
2498
2240
2252
2499
2241
2253
2500
2242
2254
2501
2243
2255
2502
2244
2256
2503
2245
2257
2504
2246
2258
2505
2247
2259
2506
2248
2260
2507
2261
2508
3430
2250
2262
2509
3765
2251
2263
2510
2252
2264
2511
2253
2265
2512
2254
2266
2513
2255
2267
2514
2256
2268
2515
2257
2269
2516
2258
2270
2517
2259
2271
2518
2260
2272
2519
2261
2273
2520
2274
2521
3431
2263
2275
2522
3766
2264
2276
2523
2265
2277
2524
2266
2278
2525
2267
2279
2526
2268
2280
2527
2269
2281
2528
2270
2282
2529
2271
2283
2530
2272
2284
2531
2273
2285
2532
2274
2286
2533
2287
2534
3432
2276
2288
2535
3767
2277
2289
2536
2278
2290
2537
2279
2291
2538
2280
2292
2539
2281
2293
2540
2282
2294
2541
2283
2295
2542
2284
2296
2543
2285
2297
2544
2286
2298
2545
2287
2299
2546
2300
2547
3433
2289
2301
2548
3768
2290
2302
2549
2291
2303
2550
2292
2304
2551
2293
2305
2552
2294
2306
2553
2295
2307
2554
2296
2308
2555
2297
2309
2556
2298
2310
2557
2299
2311
2558
2300
2312
2559
2313
2560
3434
2302
2314
2561
3769
2303
2315
2562
2304
2316
2563
2305
2317
2564
2306
2318
2565
2307
2319
2566
2308
2320
2567
2309
2321
2568
2310
2322
2569
2311
2323
2570
2312
2324
2571
2313
2325
2572
2326
2573
3435
2315
2327
2574
3770
3933
3935
3937
2316
2328
2575
3939
3942
3943
2317
2329
2576
3946
3949
3950
2318
2330
2577
3953
3956
3957
2319
2331
2578
3960
3963
3964
2320
2332
2579
3967
3970
3971
2321
2333
2580
3974
3977
3978
2322
2334
2581
3981
3984
3985
2323
2335
2582
3988
3991
3992
2324
2336
2583
3995
3998
3999
2325
2337
2584
4002
4005
4006
2326
2338
2585
4009
4012
4013
2339
2586
3436
4017
4019
4021
2587
3771
3932
3933
3937
3935
3939
3940
3942
3939
3946
3947
3949
3946
3953
3954
3956
3953
3960
3961
3963
3960
3967
3968
3970
3967
3974
3975
3977
3974
3981
3982
3984
3981
3988
3989
3991
3988
3995
3996
3998
3995
4002
4003
4005
4002
4009
4010
4012
3437
3470
4016
4017
4021
2341
2353
3254
2342
2354
2343
2355
2344
2356
2345
2357
2346
2358
2347
2359
2348
2360
2349
2361
2350
2362
2351
2363
2352
2364
2365
3438
2354
2366
3255
2355
2367
2356
2368
2357
2369
2358
2370
2359
2371
2360
2372
2361
2373
2362
2374
2363
2375
2364
2376
2365
2377
2378
3439
2367
2379
3256
2368
2380
2369
2381
2370
2382
2371
2383
2372
2384
2373
2385
2374
2386
2375
2387
2376
2388
2377
2389
2378
2390
2391
3440
2380
2392
3257
2381
2393
2382
2394
2383
2395
2384
2396
2385
2397
2386
2398
2387
2399
2388
2400
2389
2401
2390
2402
2391
2403
2404
3441
2393
2405
3772
2394
2406
2395
2407
2396
2408
2397
2409
2398
2410
2399
2411
2400
2412
2401
2413
2402
2414
2403
2415
2404
2416
2417
3442
2406
2418
3773
2407
2419
2408
2420
2409
2421
2410
2422
2411
2423
2412
2424
2413
2425
2414
2426
2415
2427
2416
2428
2417
2429
2430
3443
2419
2431
3774
2420
2432
2421
2433
2422
2434
2423
2435
2424
2436
2425
2437
2426
2438
2427
2439
2428
2440
2429
2441
2430
2442
2443
3444
2432
2444
3775
2433
2445
2434
2446
2435
2447
2436
2448
2437
2449
2438
2450
2439
2451
2440
2452
2441
2453
2442
2454
2443
2455
2456
3445
2445
2457
3776
2446
2458
2447
2459
2448
2460
2449
2461
2450
2462
2451
2463
2452
2464
2453
2465
2454
2466
2455
2467
2456
2468
2469
3446
2458
2470
3777
2459
2471
2460
2472
2461
2473
2462
2474
2463
2475
2464
2476
2465
2477
2466
2478
2467
2479
2468
2480
2469
2481
2482
3447
2471
2483
3778
2472
2484
2473
2485
2474
2486
2475
2487
2476
2488
2477
2489
2478
2490
2479
2491
2480
2492
2481
2493
2482
2494
2495
3448
2484
2496
3779
2485
2497
2486
2498
2487
2499
2488
2500
2489
2501
2490
2502
2491
2503
2492
2504
2493
2505
2494
2506
2495
2507
2508
3449
2497
2509
3780
2498
2510
2499
2511
2500
2512
2501
2513
2502
2514
2503
2515
2504
2516
2505
2517
2506
2518
2507
2519
2508
2520
2521
3450
2510
2522
3781
2511
2523
2512
2524
2513
2525
2514
2526
2515
2527
2516
2528
2517
2529
2518
2530
2519
2531
2520
2532
2521
2533
2534
3451
2523
2535
3782
2524
2536
2525
2537
2526
2538
2527
2539
2528
2540
2529
2541
2530
2542
2531
2543
2532
2544
2533
2545
2534
2546
2547
3452
2536
2548
3783
2537
2549
2538
2550
2539
2551
2540
2552
2541
2553
2542
2554
2543
2555
2544
2556
2545
2557
2546
2558
2547
2559
2560
3453
2549
2561
3784
2550
2562
2551
2563
2552
2564
2553
2565
2554
2566
2555
2567
2556
2568
2557
2569
2558
2570
2559
2571
2560
2572
2573
3454
2562
2574
3785
2563
2575
2564
2576
2565
2577
2566
2578
2567
2579
2568
2580
2569
2581
2570
2582
2571
2583
2572
2584
2573
2585
2586
3455
2575
2587
2662
2665
2666
3786
2576
2588
2668
2671
2672
2577
2589
2673
2676
2677
2578
2590
2678
2681
2682
2579
2591
2720
2723
2724
2580
2592
2683
2686
2687
2581
2593
2688
2691
2692
2582
2594
2693
2696
2697
2583
2595
2698
2701
2702
2584
2596
2703
2706
2707
2585
2597
2708
2711
2712
2586
2598
2713
2716
2717
2599
2719
3456
3470
3472
2662
2663
2665
2908
4199
4201
4203
2662
2668
2671
3942
4216
4217
4220
4221
2668
2673
2676
3949
4234
4235
4238
4239
2673
2678
2681
3956
4248
4249
4252
4253
2678
2720
2723
3963
4371
4373
4374
4376
2683
2686
2720
3970
4262
4263
4266
4267
2683
2688
2691
3977
4276
4277
4280
4281
2688
2693
2696
3984
4290
4291
4294
4295
2693
2698
2701
3991
4304
4305
4308
4309
2698
2703
2706
3998
4322
4323
4326
4327
2703
2708
2711
4005
4336
4337
4340
4341
2708
2713
2716
4012
4350
4351
4354
4355
2713
2718
2719
3470
4021
4365
4368
4370
2602
2729
2730
2731
2732
2602
2603
2906
4024
4026
4029
2606
3844
4030
4032
4034
4036
3841
4023
4024
4029
4730
2608
3845
4031
4032
4033
2607
2737
2738
2739
2740
2607
4037
4039
4041
4043
2611
3848
4044
4046
4048
4050
3849
4038
4039
4040
2613
3850
4045
4046
4047
2612
2745
2746
2747
2748
2612
4051
4053
4055
4057
2616
3855
4058
4060
4062
4064
3856
4052
4053
4054
2618
3857
4059
4060
4061
2617
2753
2754
2755
2756
2617
4065
4067
4069
4071
2621
3862
4072
4074
4076
4078
3863
4066
4067
4068
2623
3864
4073
4074
4075
2622
2761
2762
2763
2764
2622
4079
4081
4083
4085
2626
3869
4086
4088
4090
4092
3870
4080
4081
4082
2628
3871
4087
4088
4089
2627
2769
2770
2771
2772
2627
4093
4095
4097
4099
2631
3876
4100
4102
4104
4106
3877
4094
4095
4096
2633
3878
4101
4102
4103
2632
2777
2778
2779
2780
2632
4107
4109
4111
4113
2636
3883
4114
4116
4118
4120
3884
4108
4109
4110
2638
3885
4115
4116
4117
2637
2785
2786
2787
2788
2637
4121
4123
4125
4127
2641
3890
4128
4130
4132
4134
3891
4122
4123
4124
2643
3892
4129
4130
4131
2642
2793
2794
2795
2796
2642
4135
4137
4139
4141
2646
3897
4142
4144
4146
4148
3898
4136
4137
4138
2648
3899
4143
4144
4145
2647
2801
2802
2803
2804
2647
4149
4151
4153
4155
2651
3904
4156
4158
4160
4162
3905
4150
4151
4152
2653
3906
4157
4158
4159
2652
2809
2810
2811
2812
2652
4163
4165
4167
4169
2656
3911
4170
4172
4174
4176
3912
4164
4165
4166
2658
3913
4171
4172
4173
2657
2817
2818
2819
2820
2657
4177
4179
4181
4183
2660
3918
4184
4186
4188
4190
3919
4178
4179
4180
3920
4185
4186
4187
4194
2661
3468
3928
4192
4196
4197
2821
3469
4191
4192
4197
2666
3937
4205
4206
4209
4210
3932
4198
4199
4203
4736
2669
3938
4206
4207
4208
2666
2667
2910
3019
3020
3022
2671
2825
2827
2828
2829
2918
3019
3020
4199
4759
4760
4761
4762
2672
3943
4223
4224
4227
4228
3944
4217
4218
4219
2674
3945
4224
4225
4226
2672
2830
2832
2833
2834
2676
2835
2836
2837
2838
2677
3950
4241
4242
4245
4246
3951
4235
4236
4237
2679
3952
4242
4243
4244
2677
2839
2840
2841
2842
2681
2843
2844
2845
2846
2682
3957
4255
4256
4259
4260
3958
4249
4250
4251
2721
3959
4256
4257
4258
2682
2847
2848
2849
2850
2723
3035
3036
3037
3038
2687
3971
4269
4270
4273
4274
2722
3972
4263
4264
4265
2689
3973
4270
4271
4272
2687
2724
3039
3040
3041
3043
2691
2851
2852
2853
2854
2692
3978
4283
4284
4287
4288
3979
4277
4278
4279
2694
3980
4284
4285
4286
2692
2855
2856
2857
2858
2696
2859
2860
2861
2862
2697
3985
4297
4298
4301
4302
3986
4291
4292
4293
2699
3987
4298
4299
4300
2697
2863
2864
2865
2866
2701
2867
2868
2869
2870
2702
3992
4311
4312
4315
4316
3993
4305
4306
4307
2704
3994
4312
4313
4314
2702
3524
3526
3527
3529
2706
2871
2872
2873
2875
2707
3999
4329
4330
4333
4334
4000
4323
4324
4325
2709
4001
4330
4331
4332
2707
2876
2877
2878
2879
2711
2880
2881
2882
2883
2712
4006
4343
4344
4347
4348
4007
4337
4338
4339
2714
4008
4344
4345
4346
2712
2884
2885
2886
2887
2716
2888
2889
2890
2891
2717
4013
4357
4358
4361
4362
4014
4351
4352
4353
4015
4358
4359
4360
4367
2717
2892
2893
2894
2896
2719
2897
2898
2899
2900
4022
4364
4365
4368
4842
2901
2902
2903
2904
3472
2724
3964
4378
4380
4381
4383
3965
4371
4372
4375
3966
4378
4379
4382
2724
3076
3077
3078
3079
3080
3081
3082
3083
2727
2728
2729
4026
4389
4390
4391
4392
2727
2728
2912
2919
2920
2921
2922
2732
3084
3085
3086
3087
2914
4024
4385
4386
4387
4388
2731
2732
4030
4397
4398
4399
4400
2731
2732
2734
2923
2924
2925
2926
2735
4034
4393
4394
4395
4396
3088
3089
3090
3091
2735
2736
2737
4037
4405
4406
4407
4408
2735
2736
2927
2928
2929
2930
4041
4401
4402
4403
4404
2740
3092
3093
3094
3095
2739
2740
4044
4413
4414
4415
4416
2739
2740
2742
2931
2932
2933
2934
2743
4048
4409
4410
4411
4412
3096
3097
3098
3099
2743
2744
2745
4051
4421
4422
4423
4424
2743
2744
2935
2936
2937
2938
4055
4417
4418
4419
4420
2748
3100
3101
3102
3103
2747
2748
4058
4429
4430
4431
4432
2747
2748
2750
2939
2940
2941
2942
2751
4062
4425
4426
4427
4428
3104
3105
3106
3107
2751
2752
2753
4065
4437
4438
4439
4440
2751
2752
2943
2944
2945
2946
4069
4433
4434
4435
4436
2756
3108
3109
3110
3111
2755
2756
4072
4445
4446
4447
4448
2755
2756
2758
2947
2948
2949
2950
2759
4076
4441
4442
4443
4444
3112
3113
3114
3115
2759
2760
2761
4079
4453
4454
4455
4456
2759
2760
2951
2952
2953
2954
4083
4449
4450
4451
4452
2764
3116
3117
3118
3119
2763
2764
4086
4461
4462
4463
4464
2763
2764
2766
2955
2956
2957
2958
2767
4090
4457
4458
4459
4460
3120
3121
3122
3123
2767
2768
2769
4093
4469
4470
4471
4472
2767
2768
2959
2960
2961
2962
4097
4465
4466
4467
4468
2772
3124
3125
3126
3127
2771
2772
4100
4477
4478
4479
4480
2771
2772
2774
2963
2964
2965
2966
2775
4104
4473
4474
4475
4476
3128
3129
3130
3131
2775
2776
2777
4107
4485
4486
4487
4488
2775
2776
2967
2968
2969
2970
4111
4481
4482
4483
4484
2780
3132
3133
3134
3135
2779
2780
4114
4493
4494
4495
4496
2779
2780
2782
2971
2972
2973
2974
2783
4118
4489
4490
4491
4492
3136
3137
3138
3139
2783
2784
2785
4121
4501
4502
4503
4504
2783
2784
2975
2976
2977
2978
4125
4497
4498
4499
4500
2788
3140
3141
3142
3143
2787
2788
4128
4509
4510
4511
4512
2787
2788
2790
2979
2980
2981
2982
2791
4132
4505
4506
4507
4508
3144
3145
3146
3147
2791
2792
2793
4135
4517
4518
4519
4520
2791
2792
2983
2984
2985
2986
4139
4513
4514
4515
4516
2796
3148
3149
3150
3151
2795
2796
4142
4525
4526
4527
4528
2795
2796
2798
2987
2988
2989
2990
2799
4146
4521
4522
4523
4524
3152
3153
3154
3155
2799
2800
2801
4149
4533
4534
4535
4536
2799
2800
2991
2992
2993
2994
4153
4529
4530
4531
4532
2804
3156
3157
3158
3159
2803
2804
4156
4541
4542
4543
4544
2803
2804
2806
2995
2996
2997
2998
2807
4160
4537
4538
4539
4540
3160
3161
3162
3163
2807
2808
2809
4163
4549
4550
4551
4552
2807
2808
2999
3000
3001
3002
4167
4545
4546
4547
4548
2812
3164
3165
3166
3167
2811
2812
4170
4557
4558
4559
4560
2811
2812
2814
3003
3004
3005
3006
2815
4174
4553
4554
4555
4556
3168
3169
3170
3171
2815
2816
2817
4177
4565
4566
4567
4568
2815
2816
3007
3008
3009
3010
4181
4561
4562
4563
4564
2820
3172
3173
3174
3175
2819
2820
4184
4573
4574
4575
4576
2819
2820
2822
3011
3012
3013
3014
2823
4188
4569
4570
4571
4572
3176
3177
3178
3179
2823
2824
3473
4581
4582
4583
4584
2823
2824
3015
3016
3017
3018
4197
4577
4578
4579
4580
3180
3181
3182
3183
3475
2828
2829
3020
4205
4585
4586
4587
4588
2828
2831
4208
4212
4214
4585
4587
2828
2829
2832
4212
4213
4214
4215
2833
4210
3022
3184
3185
3186
3187
2833
2834
2835
4216
4589
4590
4591
4592
2833
4219
4230
4232
4589
4591
2833
2834
4230
4231
4232
4233
4221
2838
3546
3547
3548
3549
2837
2838
4223
4597
4598
4599
4600
2837
2838
2840
3023
3024
3025
3026
2841
4228
4593
4594
4595
4596
3188
3189
3190
3191
2841
2842
2843
4234
4605
4606
4607
4608
2841
2842
3027
3028
3029
3030
4239
4601
4602
4603
4604
2846
3192
3193
3194
3195
2845
2846
4241
4613
4614
4615
4616
2845
2846
2848
3031
3032
3033
3034
2849
4246
4609
4610
4611
4612
3196
3197
3198
3199
2849
2850
3035
4248
4621
4622
4623
4624
2849
2850
3500
3501
3502
3503
4253
4617
4618
4619
4620
3038
3200
3201
3202
3203
2853
2854
3039
4269
4629
4630
4631
4632
2853
2854
2856
3512
3513
3514
3515
2857
4274
4625
4626
4627
4628
3043
3204
3205
3206
3207
2857
2858
2859
4276
4637
4638
4639
4640
2857
2858
3516
3517
3518
3519
4281
4633
4634
4635
4636
2862
3208
3209
3210
3211
2861
2862
4283
4645
4646
4647
4648
2861
2862
2864
3044
3045
3046
3047
2865
4288
4641
4642
4643
4644
3212
3213
3214
3215
2865
2866
2867
4290
4653
4654
4655
4656
2865
2866
3048
3049
3050
3051
4295
4649
4650
4651
4652
2870
3550
3551
3552
3553
2869
2870
4297
4661
4662
4663
4664
2869
2870
3520
3521
3522
3523
3526
3527
4302
4657
4658
4659
4660
3554
3555
3556
3557
2873
2874
2875
3524
4311
2873
2875
2877
3052
3053
3054
3055
2878
4316
4665
4666
4667
4668
3528
4317
4665
4667
4669
4672
3529
4669
4670
4671
4672
2878
2879
2880
4322
4677
4678
4679
4680
2878
2879
3056
3057
3058
3059
4327
4673
4674
4675
4676
2883
3216
3217
3218
3219
2882
2883
4329
4685
4686
4687
4688
2882
2883
2885
3060
3061
3062
3063
2886
4334
4681
4682
4683
4684
3220
3221
3222
3223
2886
2887
2888
4336
4693
4694
4695
4696
2886
2887
3064
3065
3066
3067
4341
4689
4690
4691
4692
2891
3224
3225
3226
3227
2890
2891
4343
4701
4702
4703
4704
2890
2891
2893
3068
3069
3070
3071
2894
4348
4697
4698
4699
4700
3228
3229
3230
3231
2894
2895
2896
2897
4350
2894
2896
3072
3073
3074
3075
4355
4705
4706
4707
4708
4356
4705
4708
4709
4711
4718
4720
2900
4709
4710
4711
4712
2899
2900
4357
4717
4718
4719
4720
2899
2900
2902
3530
3531
3532
3533
2903
4362
4713
4714
4715
4716
3558
3559
3560
3561
2903
2904
3477
4365
4725
4726
4727
4728
2903
2904
3534
3535
3536
3537
4370
4721
4722
4723
4724
3479
3562
3563
3564
3565
2906
2911
2912
2913
2914
3616
3617
2907
3616
3637
3791
4730
4731
4734
2911
3792
4729
4731
4734
2909
2910
3771
3786
3787
4736
4739
4741
3796
4736
4738
4739
4884
2915
2916
2917
2918
3786
3797
2913
2914
3802
4747
4748
4749
4750
2913
2914
3232
3233
3234
3235
3240
3241
3242
3243
3805
4734
4743
4744
4745
4746
2917
2918
3806
4739
4755
4756
4757
4758
2917
2918
3019
3236
3237
3238
3239
3244
3245
3246
3247
3809
4741
4751
4752
4753
4754
2920
2922
3232
2921
3233
4385
2922
3084
4387
3087
2925
2926
3088
4393
2925
2926
2928
2929
4396
3091
2929
2930
3092
4401
2929
2930
4403
3095
2933
2934
3096
4409
2933
2934
2936
2937
4412
3099
2937
2938
3100
4417
2937
2938
4419
3103
2941
2942
3104
4425
2941
2942
2944
2945
4428
3107
2945
2946
3108
4433
2945
2946
4435
3111
2949
2950
3112
4441
2949
2950
2952
2953
4444
3115
2953
2954
3116
4449
2953
2954
4451
3119
2957
2958
3120
4457
2957
2958
2960
2961
4460
3123
2961
2962
3124
4465
2961
2962
4467
3127
2965
2966
3128
4473
2965
2966
2968
2969
4476
3131
2969
2970
3132
4481
2969
2970
4483
3135
2973
2974
3136
4489
2973
2974
2976
2977
4492
3139
2977
2978
3140
4497
2977
2978
4499
3143
2981
2982
3144
4505
2981
2982
2984
2985
4508
3147
2985
2986
3148
4513
2985
2986
4515
3151
2989
2990
3152
4521
2989
2990
2992
2993
4524
3155
2993
2994
3156
4529
2993
2994
4531
3159
2997
2998
3160
4537
2997
2998
3000
3001
4540
3163
3001
3002
3164
4545
3001
3002
4547
3167
3005
3006
3168
4553
3005
3006
3008
3009
4556
3171
3009
3010
3172
4561
3009
3010
4563
3175
3013
3014
3176
4569
3013
3014
3016
3017
4572
3179
3017
3018
3180
4577
3017
3018
4579
3183
3022
3566
3567
3568
3569
3021
3022
4201
4204
4586
4588
4761
4762
4764
4766
4763
4764
4765
4766
3025
3026
3188
4593
3025
3026
3028
3029
4596
3191
3029
3030
3192
4601
3029
3030
4603
3195
3033
3034
3196
4609
3033
3034
3501
3502
4612
3199
3037
3038
4255
4771
4772
4773
4774
3037
3038
3076
3504
3505
3506
3507
3077
4260
4767
4768
4769
4770
3570
3571
3572
3573
3041
3042
3043
4262
3041
3043
3080
3508
3509
3510
3511
3081
4267
4775
4776
4777
4778
4268
4630
4632
4775
4777
4780
4782
4779
4780
4781
4782
3046
3047
3212
4641
3046
3047
3049
3214
3051
4644
3050
3051
3550
4649
3050
3051
3552
4651
3054
3055
4665
4669
3054
3055
3057
4671
3058
4668
3058
3059
3216
4673
3058
3059
4675
3219
3062
3063
3220
4681
3062
3063
3065
3066
4684
3223
3066
3067
3224
4689
3066
3067
4691
3227
3070
3071
3228
4697
3070
3071
3073
3074
4700
3231
3074
3075
4705
4709
3074
3075
4707
4712
3077
3078
3538
3539
3540
3541
3079
4373
4783
4784
4785
4786
3079
3082
3574
3575
3576
3577
3083
4374
4787
4788
4789
4790
3081
3082
3542
3543
3544
3545
3083
4380
4791
4792
4793
4794
3083
3578
3579
3580
3581
4381
4795
4796
4797
4798
3086
3087
4389
3086
3087
3089
3090
4391
3090
3091
4397
3090
3091
4399
3094
3095
4405
3094
3095
3097
3098
4407
3098
3099
4413
3098
3099
4415
3102
3103
4421
3102
3103
3105
3106
4423
3106
3107
4429
3106
3107
4431
3110
3111
4437
3110
3111
3113
3114
4439
3114
3115
4445
3114
3115
4447
3118
3119
4453
3118
3119
3121
3122
4455
3122
3123
4461
3122
3123
4463
3126
3127
4469
3126
3127
3129
3130
4471
3130
3131
4477
3130
3131
4479
3134
3135
4485
3134
3135
3137
3138
4487
3138
3139
4493
3138
3139
4495
3142
3143
4501
3142
3143
3145
3146
4503
3146
3147
4509
3146
3147
4511
3150
3151
4517
3150
3151
3153
3154
4519
3154
3155
4525
3154
3155
4527
3158
3159
4533
3158
3159
3161
3162
4535
3162
3163
4541
3162
3163
4543
3166
3167
4549
3166
3167
3169
3170
4551
3170
3171
4557
3170
3171
4559
3174
3175
4565
3174
3175
3177
3178
4567
3178
3179
4573
3178
3179
4575
3182
3183
4583
3182
3183
3497
3498
4582
3186
3187
4212
4585
3186
3187
4763
4588
4764
4215
3190
3191
4597
3190
3191
3547
3548
4600
3194
3195
4605
3194
3195
3197
3198
4608
3198
3199
4613
3198
3199
4616
3202
3203
3500
4621
3202
3203
3570
3571
4624
3503
3206
3207
3512
4629
3206
3207
4779
4632
4780
3515
3210
3211
3516
4637
3210
3211
3213
3518
3215
4640
3214
3215
4645
3214
3215
4648
3218
3219
4677
3218
3219
3221
3222
4680
3222
3223
4685
3222
3223
4688
3226
3227
4693
3226
3227
3229
3230
4696
3230
3231
4701
3230
3231
4704
3233
3235
3234
4743
3235
3240
4745
3243
3237
3238
3566
4752
3239
3567
3239
3244
4753
3247
3242
3243
4749
3242
3243
3830
3831
4748
3246
3247
4757
3246
3247
3834
3835
4756
3249
3698
3718
5071
3250
3251
5091
3252
3718
3737
5092
3252
3254
5111
3253
3255
5112
3256
3737
3755
5113
3255
5131
3256
5132
3257
5133
3755
3772
5134
3259
3278
5244
3260
3279
5246
3261
3280
5248
3262
3281
5250
3263
3282
5252
3264
3283
5254
3265
3284
5256
3266
3285
5258
3267
3286
5260
3268
3287
5262
3269
3288
5264
3270
3289
5266
3271
3290
5268
3272
3291
5270
3273
3292
5272
3274
3293
5274
3275
3294
5276
3276
3295
5278
3277
3296
3458
5280
5644
5645
3458
3463
3464
3465
3466
3467
5644
3279
3298
5284
3280
3299
5286
3281
3300
5288
3282
3301
5290
3283
3302
5292
3284
3303
5294
3285
3304
5296
3286
3305
5298
3287
3306
5300
3288
3307
5302
3289
3308
5304
3290
3309
5306
3291
3310
5308
3292
3311
5310
3293
3312
5312
3294
3313
5314
3295
3314
5316
3296
3315
5318
3297
3316
4800
4802
4804
5320
3458
4799
4800
4802
3299
3318
5324
3300
3319
5326
3301
3320
5328
3302
3321
5330
3303
3322
5332
3304
3323
5334
3305
3324
5336
3306
3325
5338
3307
3326
5340
3308
3327
5342
3309
3328
5344
3310
3329
5346
3311
3330
5348
3312
3331
5350
3313
3332
5352
3314
3333
5354
3315
3334
5356
3316
3335
5358
3317
3336
5360
3337
4800
4801
4804
4805
5362
3319
3338
5364
3320
3339
5366
3321
3340
5368
3322
3341
5370
3323
3342
5372
3324
3343
5374
3325
3344
5376
3326
3345
5378
3327
3346
5380
3328
3347
5382
3329
3348
5384
3330
3349
5386
3331
3350
5388
3332
3351
5390
3333
3352
5392
3334
3353
5394
3335
3354
5396
3336
3355
5398
3337
3356
5400
3357
5402
3339
3358
5404
3340
3359
5406
3341
3360
5408
3342
3361
5410
3343
3362
5412
3344
3363
5414
3345
3364
5416
3346
3365
5418
3347
3366
5420
3348
3367
5422
3349
3368
5424
3350
3369
5426
3351
3370
5428
3352
3371
5430
3353
3372
5432
3354
3373
5434
3355
3374
5436
3356
3375
5438
3357
3376
5440
3377
5442
3359
3378
5444
3360
3379
5446
3361
3380
5448
3362
3381
5450
3363
3382
5452
3364
3383
5454
3365
3384
5456
3366
3385
5458
3367
3386
5460
3368
3387
5462
3369
3388
5464
3370
3389
5466
3371
3390
5468
3372
3391
5470
3373
3392
5472
3374
3393
5474
3375
3394
5476
3376
3395
5478
3377
3396
5480
3397
5482
3379
3398
5484
3380
3399
5486
3381
3400
5488
3382
3401
5490
3383
3402
5492
3384
3403
5494
3385
3404
5496
3386
3405
5498
3387
3406
5500
3388
3407
5502
3389
3408
5504
3390
3409
5506
3391
3410
5508
3392
3411
5510
3393
3412
5512
3394
3413
5514
3395
3414
5516
3396
3415
5518
3397
3416
5520
3417
5522
3399
3418
5524
3400
3419
5526
3401
3420
5528
3402
3421
5530
3403
3422
5532
3404
3423
5534
3405
3424
5536
3406
3425
5538
3407
3426
5540
3408
3427
5542
3409
3428
5544
3410
3429
5546
3411
3430
5548
3412
3431
5550
3413
3432
5552
3414
3433
5554
3415
3434
5556
3416
3435
5558
3417
3436
5560
4807
4808
4809
4810
5562
3419
3438
5564
3420
3439
5566
3421
3440
5568
3422
3441
5570
3423
3442
5572
3424
3443
5574
3425
3444
5576
3426
3445
5578
3427
3446
5580
3428
3447
5582
3429
3448
5584
3430
3449
5586
3431
3450
5588
3432
3451
5590
3433
3452
5592
3434
3453
5594
3435
3454
5596
3436
3455
5598
3437
3456
4807
4809
4811
5600
3457
4806
4807
4811
3439
5604
3440
5606
3441
5608
3442
5610
3443
5612
3444
5614
3445
5616
3446
5618
3447
5620
3448
5622
3449
5624
3450
5626
3451
5628
3452
5630
3453
5632
3454
5634
3455
5636
3456
5638
3457
3461
5640
5654
5656
3460
3461
3470
4821
4823
4825
5654
3459
3468
4814
4816
4819
5645
4799
4813
4814
4819
4837
3471
4806
4820
4821
4825
3462
3472
3485
3486
3487
5656
3480
3485
3486
4821
4865
4866
4867
4868
3465
3466
4816
4831
4832
4833
4834
5766
3465
3466
3474
3481
3482
3483
3484
3488
3489
3490
3491
5769
3476
4814
4827
4828
4829
4830
3468
3473
3474
3475
3476
3469
4836
4837
4840
3473
4835
4836
4840
3471
3472
4842
4845
4847
4016
4842
4843
4847
3477
3478
3479
3480
3475
3476
4853
4854
4855
4856
3475
3476
3492
3493
3494
3495
3496
3497
3498
3499
4840
4849
4850
4851
4852
3479
3480
4845
4861
4862
4863
4864
3479
3480
3485
3582
3583
3584
3585
3586
3587
3588
3589
4847
4857
4858
4859
4860
3482
3484
3492
3483
3493
4827
3484
3488
4829
3491
3487
3590
3591
3592
3593
3487
4823
4869
4870
4871
4872
5782
3594
3595
3596
3597
5785
3490
3491
4831
3490
3491
5839
4833
5840
3493
3495
3494
4849
3495
3496
4851
3499
3498
3499
4855
3498
3499
4854
3502
3503
4617
3502
3503
4619
3505
3507
3538
3506
3572
3507
3573
4767
3541
4770
3509
3511
3542
3510
4781
3511
4775
4782
3545
4778
3514
3515
4625
3514
3515
3517
3519
4628
3518
3519
4633
3518
3519
4635
3522
3523
3554
4657
3522
3523
4318
3556
4319
4660
3527
3528
3529
4304
3527
3528
4307
4319
4321
4658
4660
3527
3529
4318
4319
4320
4321
4309
4310
4874
4876
4873
4874
4875
4876
3532
3533
3558
4713
3532
3533
3535
3536
4716
3561
3536
3537
3564
4721
3536
3537
4723
3565
3539
3541
3540
3575
3541
3576
4783
4785
3543
3545
3544
3579
3545
3580
4791
4793
3548
3549
4230
4589
3548
3549
4592
4233
3552
3553
4653
3552
3553
3555
3557
4656
3556
3557
4661
3556
3557
4664
3560
3561
4717
3560
3561
4710
4711
4720
3563
3564
3586
4726
3565
3587
3565
4727
3567
3569
4760
3568
3569
4765
4761
4766
3571
3572
3573
4772
3573
4773
3575
3577
3578
3576
3577
4787
3581
4790
3579
3581
3580
3581
4795
4798
3583
3584
3590
4858
3585
3591
3585
3588
4859
3589
3587
3588
4862
3589
3589
4863
3591
3593
4866
3592
3593
3596
3597
4867
3595
3596
5855
3597
4870
5856
3597
4871
3599
3618
4951
3600
3619
4952
3601
3620
4953
3602
3621
4954
3603
3622
4955
3604
3623
4956
3605
3624
4957
3606
3625
4958
3607
3626
4959
3608
3627
4960
3609
3628
4961
3610
3629
4962
3611
3630
4963
3612
3631
4964
3613
3632
4965
3614
3633
4966
3615
3634
4967
3616
3635
4968
3617
3636
3791
4969
3788
3791
3802
3803
3804
3805
3619
3638
4971
3620
3639
4972
3621
3640
4973
3622
3641
4974
3623
3642
4975
3624
3643
4976
3625
3644
4977
3626
3645
4978
3627
3646
4979
3628
3647
4980
3629
3648
4981
3630
3649
4982
3631
3650
4983
3632
3651
4984
3633
3652
4985
3634
3653
4986
3635
3654
4987
3636
3655
4988
3637
3656
4878
4880
4882
4989
4877
4878
4880
3639
3658
4991
3640
3659
4992
3641
3660
4993
3642
3661
4994
3643
3662
4995
3644
3663
4996
3645
3664
4997
3646
3665
4998
3647
3666
4999
3648
3667
5000
3649
3668
5001
3650
3669
5002
3651
3670
5003
3652
3671
5004
3653
3672
5005
3654
3673
5006
3655
3674
5007
3656
3675
5008
3657
3676
5009
3677
4878
4879
4882
4883
5010
3659
3678
5011
3660
3679
5012
3661
3680
5013
3662
3681
5014
3663
3682
5015
3664
3683
5016
3665
3684
5017
3666
3685
5018
3667
3686
5019
3668
3687
5020
3669
3688
5021
3670
3689
5022
3671
3690
5023
3672
3691
5024
3673
3692
5025
3674
3693
5026
3675
3694
5027
3676
3695
5028
3677
3696
5029
3697
5030
3679
3698
5031
3680
3699
5032
3681
3700
5033
3682
3701
5034
3683
3702
5035
3684
3703
5036
3685
3704
5037
3686
3705
5038
3687
3706
5039
3688
3707
5040
3689
3708
5041
3690
3709
5042
3691
3710
5043
3692
3711
5044
3693
3712
5045
3694
3713
5046
3695
3714
5047
3696
3715
5048
3697
3716
5049
3717
5050
3699
5051
3700
3718
5052
3701
3719
5053
3702
3720
5054
3703
3721
5055
3704
3722
5056
3705
3723
5057
3706
3724
5058
3707
3725
5059
3708
3726
5060
3709
3727
5061
3710
3728
5062
3711
3729
5063
3712
3730
5064
3713
3731
5065
3714
3732
5066
3715
3733
5067
3716
3734
5068
3717
3735
5069
3736
5070
3719
5072
3720
3737
5073
3721
3738
5074
3722
3739
5075
3723
3740
5076
3724
3741
5077
3725
3742
5078
3726
3743
5079
3727
3744
5080
3728
3745
5081
3729
3746
5082
3730
3747
5083
3731
3748
5084
3732
3749
5085
3733
3750
5086
3734
3751
5087
3735
3752
5088
3736
3753
5089
3754
5090
3738
5093
3739
3755
5094
3740
3756
5095
3741
3757
5096
3742
3758
5097
3743
3759
5098
3744
3760
5099
3745
3761
5100
3746
3762
5101
3747
3763
5102
3748
3764
5103
3749
3765
5104
3750
3766
5105
3751
3767
5106
3752
3768
5107
3753
3769
5108
3754
3770
5109
4885
4886
4887
4888
5110
3756
5114
3757
3772
5115
3758
3773
5116
3759
3774
5117
3760
3775
5118
3761
3776
5119
3762
3777
5120
3763
3778
5121
3764
3779
5122
3765
3780
5123
3766
3781
5124
3767
3782
5125
3768
3783
5126
3769
3784
5127
3770
3785
5128
3771
3786
4885
4887
4889
5129
4884
4885
4889
3773
5135
3774
5136
3775
5137
3776
5138
3777
5139
3778
5140
3779
5141
3780
5142
3781
5143
3782
5144
3783
5145
3784
5146
3785
5147
3786
5148
3787
3797
5149
3793
3796
3797
4889
4913
4916
4918
3789
3798
3799
3800
3801
4969
4970
3791
4891
4893
4895
4897
4969
5152
5190
4892
4893
4894
4901
5192
3792
4880
4899
4903
4904
3802
4898
4899
4904
3795
4905
4906
4909
4910
5149
5150
5201
4906
4907
4908
4915
5203
3797
3818
3819
3820
3822
5149
5156
4890
4912
4913
4916
3806
3807
3808
3809
3800
3801
4891
4923
4924
4925
4926
5159
3800
3801
3803
3810
3811
3812
3813
3804
4895
4919
4920
4921
4922
3827
3828
5162
5180
5181
3804
3805
4931
4932
4933
4934
3804
3805
3814
3815
3816
3817
4904
4927
4928
4929
4930
3829
3830
3831
3832
3808
3809
4913
4939
4940
4941
4942
3808
3809
3819
3823
3824
3825
3826
3820
4918
4935
4936
4937
4938
3833
3834
3835
3836
3812
3813
3827
4919
3812
3813
3815
3816
4922
3828
3816
3817
3829
4927
3816
3817
4929
3832
3820
3821
3822
4905
5165
3820
3822
3837
3838
3839
3840
4910
4943
4944
4945
4946
4911
4945
4946
4948
4950
5168
4947
4948
4949
4950
5169
3825
3826
3833
4935
3825
3826
3837
3838
4937
3836
3828
4923
5181
5180
3831
3832
4933
3831
3832
4932
3835
3836
4941
3835
3836
4940
3838
3839
3840
4944
3840
4949
4945
4950
3843
3845
4023
4027
4029
4877
3843
3846
4878
3847
4879
3845
3846
3847
3849
4032
4033
4036
3847
3851
3853
3850
3852
3850
3853
4039
4040
4043
3854
3856
4046
4047
4050
3852
3853
3854
3858
3854
3860
3857
3859
3857
3860
4053
4054
4057
3861
3863
4060
4061
4064
3859
3860
3861
3865
3861
3867
3864
3866
3864
3867
4067
4068
4071
3868
3870
4074
4075
4078
3866
3867
3868
3872
3868
3874
3871
3873
3871
3874
4081
4082
4085
3875
3877
4088
4089
4092
3873
3874
3875
3879
3875
3881
3878
3880
3878
3881
4095
4096
4099
3882
3884
4102
4103
4106
3880
3881
3882
3886
3882
3888
3885
3887
3885
3888
4109
4110
4113
3889
3891
4116
4117
4120
3887
3888
3889
3893
3889
3895
3892
3894
3892
3895
4123
4124
4127
3896
3898
4130
4131
4134
3894
3895
3896
3900
3896
3902
3899
3901
3899
3902
4137
4138
4141
3903
3905
4144
4145
4148
3901
3902
3903
3907
3903
3909
3906
3908
3906
3909
4151
4152
4155
3910
3912
4158
4159
4162
3908
3909
3910
3914
3910
3916
3913
3915
3913
3916
4165
4166
4169
3917
3919
4172
4173
4176
3915
3916
3917
3921
3917
3923
3920
3922
3928
3920
3923
4179
4180
4183
3924
3929
4186
4187
4190
3922
3923
3924
3930
3924
3931
3927
3929
4799
4836
4837
4838
4839
3927
3930
4800
3931
4801
3929
3930
3931
4192
4193
4194
4196
3931
3934
3938
4198
4202
4203
4884
3934
3935
4885
3936
4886
3936
3937
3938
3940
3938
3942
3944
4206
4207
4209
3941
3943
3941
3944
3945
3947
3943
3944
3945
3949
3945
4217
4218
4220
3951
4224
4225
4227
3948
3950
3948
3951
3952
3954
3950
3951
3952
3956
3952
4235
4236
4238
3958
4242
4243
4245
3955
3957
3955
3958
3959
3961
3957
3958
3959
3963
3959
4249
4250
4252
3965
4256
4257
4259
3962
3964
3962
3965
3966
3968
3964
3965
3966
3970
3966
4371
4375
4376
3972
4378
4382
4383
3969
3971
3969
3972
3973
3975
3971
3972
3973
3977
3973
4263
4264
4266
3979
4270
4271
4273
3976
3978
3976
3979
3980
3982
3978
3979
3980
3984
3980
4277
4278
4280
3986
4284
4285
4287
3983
3985
3983
3986
3987
3989
3985
3986
3987
3991
3987
4291
4292
4294
3993
4298
4299
4301
3990
3992
3990
3993
3994
3996
3992
3993
3994
3998
3994
4305
4306
4308
4000
4312
4313
4315
3997
3999
3997
4000
4001
4003
3999
4000
4001
4005
4001
4323
4324
4326
4007
4330
4331
4333
4004
4006
4004
4007
4008
4010
4006
4007
4008
4012
4008
4337
4338
4340
4014
4344
4345
4347
4011
4013
4019
4011
4014
4015
4020
4013
4014
4015
4021
4015
4351
4352
4354
4022
4358
4359
4361
4018
4022
4806
4842
4843
4844
4018
4019
4807
4020
4808
4020
4021
4022
4022
4364
4367
4368
4025
4027
4732
4025
4026
4734
4028
4386
4388
4735
4028
4029
4030
4028
4029
4033
4035
4390
4392
4036
4034
4035
4036
4034
4035
4038
4394
4395
4034
4036
4039
4035
4036
4041
4398
4400
4041
4042
4043
4044
4041
4042
4402
4404
4041
4043
4042
4043
4047
4049
4406
4408
4050
4048
4049
4050
4048
4049
4052
4410
4411
4048
4050
4053
4049
4050
4055
4414
4416
4055
4056
4057
4058
4055
4056
4418
4420
4055
4057
4056
4057
4061
4063
4422
4424
4064
4062
4063
4064
4062
4063
4066
4426
4427
4062
4064
4067
4063
4064
4069
4430
4432
4069
4070
4071
4072
4069
4070
4434
4436
4069
4071
4070
4071
4075
4077
4438
4440
4078
4076
4077
4078
4076
4077
4080
4442
4443
4076
4078
4081
4077
4078
4083
4446
4448
4083
4084
4085
4086
4083
4084
4450
4452
4083
4085
4084
4085
4089
4091
4454
4456
4092
4090
4091
4092
4090
4091
4094
4458
4459
4090
4092
4095
4091
4092
4097
4462
4464
4097
4098
4099
4100
4097
4098
4466
4468
4097
4099
4098
4099
4103
4105
4470
4472
4106
4104
4105
4106
4104
4105
4108
4474
4475
4104
4106
4109
4105
4106
4111
4478
4480
4111
4112
4113
4114
4111
4112
4482
4484
4111
4113
4112
4113
4117
4119
4486
4488
4120
4118
4119
4120
4118
4119
4122
4490
4491
4118
4120
4123
4119
4120
4125
4494
4496
4125
4126
4127
4128
4125
4126
4498
4500
4125
4127
4126
4127
4131
4133
4502
4504
4134
4132
4133
4134
4132
4133
4136
4506
4507
4132
4134
4137
4133
4134
4139
4510
4512
4139
4140
4141
4142
4139
4140
4514
4516
4139
4141
4140
4141
4145
4147
4518
4520
4148
4146
4147
4148
4146
4147
4150
4522
4523
4146
4148
4151
4147
4148
4153
4526
4528
4153
4154
4155
4156
4153
4154
4530
4532
4153
4155
4154
4155
4159
4161
4534
4536
4162
4160
4161
4162
4160
4161
4164
4538
4539
4160
4162
4165
4161
4162
4167
4542
4544
4167
4168
4169
4170
4167
4168
4546
4548
4167
4169
4168
4169
4173
4175
4550
4552
4176
4174
4175
4176
4174
4175
4178
4554
4555
4174
4176
4179
4175
4176
4181
4558
4560
4181
4182
4183
4184
4181
4182
4562
4564
4181
4183
4182
4183
4187
4189
4566
4568
4190
4188
4189
4190
4188
4189
4195
4570
4571
4188
4190
4196
4189
4190
4197
4574
4576
4193
4195
4581
4584
4835
4193
4196
4836
4194
4839
4195
4196
4197
4578
4580
4197
4200
4202
4737
4200
4201
4741
4204
4742
4759
4762
4203
4204
4205
4203
4204
4207
4209
4211
4209
4210
4211
4209
4210
4217
4209
4211
4210
4211
4219
4221
4586
4587
4214
4215
4214
4215
4231
4232
4220
4221
4222
4223
4220
4221
4220
4222
4225
4221
4222
4227
4229
4590
4591
4227
4228
4229
4227
4228
4235
4227
4229
4228
4229
4237
4594
4595
4239
4598
4599
4232
4233
4232
4233
4238
4239
4240
4241
4238
4239
4238
4240
4243
4239
4240
4602
4604
4245
4247
4606
4607
4245
4246
4247
4245
4246
4249
4245
4247
4246
4247
4251
4610
4611
4253
4614
4615
4252
4253
4254
4255
4252
4253
4252
4254
4257
4253
4254
4618
4620
4259
4261
4622
4623
4259
4260
4261
4259
4260
4371
4259
4261
4260
4261
4372
4768
4769
4373
4771
4774
4266
4267
4268
4269
4266
4267
4378
4266
4268
4271
4267
4268
4379
4776
4777
4273
4380
4275
4273
4274
4275
4273
4274
4277
4273
4275
4274
4275
4279
4626
4627
4281
4630
4631
4280
4281
4282
4283
4280
4281
4280
4282
4285
4281
4282
4634
4636
4287
4289
4638
4639
4287
4288
4289
4287
4288
4291
4287
4289
4288
4289
4293
4642
4643
4295
4646
4647
4294
4295
4296
4297
4294
4295
4294
4296
4299
4295
4296
4650
4652
4301
4303
4654
4655
4301
4302
4303
4301
4302
4305
4301
4303
4302
4303
4307
4658
4659
4309
4662
4663
4308
4309
4310
4311
4308
4309
4308
4310
4313
4309
4310
4315
4317
4315
4316
4317
4315
4316
4323
4315
4317
4316
4317
4325
4666
4667
4327
4319
4320
4321
4321
4875
4876
4326
4327
4328
4329
4326
4327
4326
4328
4331
4327
4328
4674
4676
4333
4335
4678
4679
4333
4334
4335
4333
4334
4337
4333
4335
4334
4335
4339
4682
4683
4341
4686
4687
4340
4341
4342
4343
4340
4341
4340
4342
4345
4341
4342
4690
4692
4347
4349
4694
4695
4347
4348
4349
4347
4348
4351
4347
4349
4348
4349
4353
4698
4699
4355
4702
4703
4354
4355
4356
4357
4354
4355
4354
4356
4359
4355
4356
4706
4708
4361
4363
4361
4362
4363
4361
4362
4368
4361
4363
4362
4363
4369
4714
4715
4370
4718
4719
4366
4367
4844
4366
4370
4845
4369
4725
4728
4846
4368
4369
4370
4370
4722
4724
4373
4376
4373
4377
4784
4786
4374
4376
4377
4381
4376
4377
4382
4383
4384
4788
4789
4380
4383
4380
4384
4792
4794
4381
4383
4384
4383
4384
4796
4797
4386
4387
4743
4388
4744
4388
4389
4392
4391
4392
4391
4392
4398
4399
4395
4396
4397
4395
4396
4402
4400
4403
4399
4400
4399
4400
4403
4404
4405
4403
4404
4408
4407
4408
4407
4408
4414
4415
4411
4412
4413
4411
4412
4418
4416
4419
4415
4416
4415
4416
4419
4420
4421
4419
4420
4424
4423
4424
4423
4424
4430
4431
4427
4428
4429
4427
4428
4434
4432
4435
4431
4432
4431
4432
4435
4436
4437
4435
4436
4440
4439
4440
4439
4440
4446
4447
4443
4444
4445
4443
4444
4450
4448
4451
4447
4448
4447
4448
4451
4452
4453
4451
4452
4456
4455
4456
4455
4456
4462
4463
4459
4460
4461
4459
4460
4466
4464
4467
4463
4464
4463
4464
4467
4468
4469
4467
4468
4472
4471
4472
4471
4472
4478
4479
4475
4476
4477
4475
4476
4482
4480
4483
4479
4480
4479
4480
4483
4484
4485
4483
4484
4488
4487
4488
4487
4488
4494
4495
4491
4492
4493
4491
4492
4498
4496
4499
4495
4496
4495
4496
4499
4500
4501
4499
4500
4504
4503
4504
4503
4504
4510
4511
4507
4508
4509
4507
4508
4514
4512
4515
4511
4512
4511
4512
4515
4516
4517
4515
4516
4520
4519
4520
4519
4520
4526
4527
4523
4524
4525
4523
4524
4530
4528
4531
4527
4528
4527
4528
4531
4532
4533
4531
4532
4536
4535
4536
4535
4536
4542
4543
4539
4540
4541
4539
4540
4546
4544
4547
4543
4544
4543
4544
4547
4548
4549
4547
4548
4552
4551
4552
4551
4552
4558
4559
4555
4556
4557
4555
4556
4562
4560
4563
4559
4560
4559
4560
4563
4564
4565
4563
4564
4568
4567
4568
4567
4568
4574
4575
4571
4572
4573
4571
4572
4578
4576
4579
4575
4576
4575
4576
4579
4580
4583
4579
4580
4584
4582
4584
4853
4583
4854
4584
4587
4588
4587
4588
4591
4592
4591
4592
4598
4600
4595
4596
4597
4595
4596
4602
4599
4603
4599
4600
4599
4600
4603
4604
4605
4603
4604
4607
4607
4608
4607
4608
4614
4616
4611
4612
4613
4611
4612
4618
4615
4619
4615
4616
4615
4616
4619
4620
4621
4619
4620
4623
4623
4624
4623
4624
4771
4772
4627
4628
4629
4627
4628
4634
4631
4635
4631
4632
4631
4632
4635
4636
4637
4635
4636
4639
4639
4640
4639
4640
4646
4648
4643
4644
4645
4643
4644
4650
4647
4651
4647
4648
4647
4648
4651
4652
4653
4651
4652
4655
4655
4656
4655
4656
4662
4664
4659
4660
4661
4659
4660
4663
4663
4664
4663
4664
4667
4668
4667
4668
4674
4675
4671
4672
4671
4672
4873
4874
4675
4676
4677
4675
4676
4679
4679
4680
4679
4680
4686
4688
4683
4684
4685
4683
4684
4690
4687
4691
4687
4688
4687
4688
4691
4692
4693
4691
4692
4695
4695
4696
4695
4696
4702
4704
4699
4700
4701
4699
4700
4706
4703
4707
4703
4704
4703
4704
4707
4708
4707
4708
4711
4712
4711
4712
4715
4716
4717
4715
4716
4722
4719
4723
4719
4720
4719
4720
4723
4724
4727
4723
4724
4728
4726
4728
4861
4727
4862
4728
4733
4735
4747
4750
4898
4731
4732
4734
4877
4733
4877
4899
4733
4735
4877
4877
4900
4735
4744
4746
4737
4741
4884
4738
4742
4884
4740
4884
4912
4740
4741
4913
4742
4755
4758
4914
4742
4751
4754
4744
4745
4746
4746
4749
4750
4748
4750
4931
4749
4932
4750
4752
4754
4759
4753
4760
4754
4757
4758
4756
4758
4939
4757
4940
4758
4760
4762
4761
4762
4764
4765
4766
4766
4769
4770
4773
4769
4770
4784
4774
4785
4772
4774
4773
4774
4777
4778
4777
4778
4792
4793
4780
4781
4782
4782
4785
4786
4787
4785
4786
4789
4789
4790
4789
4790
4796
4798
4793
4794
4795
4793
4794
4797
4797
4798
4797
4798
4801
4803
4813
4817
4819
4801
4804
4805
4803
4804
5322
5645
4805
5646
5908
5992
5993
5996
4805
5910
5912
4808
4812
4820
4824
4825
4808
4809
4810
4810
4811
5602
4812
5981
4812
5654
5983
5655
5985
6019
6020
6022
4815
4817
4838
4815
4816
4840
4818
4828
4830
4841
4818
4819
5990
4818
4819
5993
4832
4834
5995
5996
4822
4824
4843
4822
4823
4847
4826
4848
4865
4868
4825
4826
6018
4825
4826
6020
6022
4869
4872
6024
4828
4829
4849
4830
4850
4830
4831
4834
4833
4834
4833
4834
6051
6052
4839
4841
4853
4856
4837
4839
4838
4840
4839
4841
4841
4850
4852
4844
4845
4844
4848
4846
4846
4847
4848
4861
4864
4848
4857
4860
4850
4851
4852
4852
4855
4856
4854
4856
4855
4856
4858
4860
4865
4859
4866
4860
4863
4864
4862
4864
4863
4864
4866
4868
4867
4868
4871
4872
4870
4872
6083
4871
6085
4872
4874
4875
4876
4876
4879
4881
4879
4882
4883
4881
4882
5190
4883
4899
4900
4901
4903
5192
4883
5194
5196
4886
4890
4886
4887
4888
4888
4889
5197
4890
5199
4890
5201
4912
4915
4916
5203
4895
4896
4897
5207
4895
4896
4902
4920
4921
4895
4897
4903
5192
4896
4897
5192
5210
4904
4924
4926
5212
5192
5213
4900
4902
4931
4934
4900
4903
4901
4902
4903
4904
4928
4930
4904
4909
4910
4911
5217
4909
4910
4916
5203
4909
4911
5203
5219
4910
4911
4917
4943
4946
5203
5221
4918
5223
4914
4915
4914
4918
4917
4939
4942
4916
4917
4918
4918
4936
4938
4921
4922
4923
4921
4922
4928
4926
4929
4925
4926
4925
4926
5231
5181
5232
4929
4930
4933
4929
4930
4934
4932
4934
4933
4934
4937
4938
4941
4937
4938
4943
4944
4942
4940
4942
4941
4942
4944
4946
4945
4946
4948
4949
5241
4950
5242
4950
4952
4971
4953
4972
4954
4973
4955
4974
4956
4975
4957
4976
4958
4977
4959
4978
4960
4979
4961
4980
4962
4981
4963
4982
4964
4983
4965
4984
4966
4985
4967
4986
4968
4987
4969
4988
4970
4989
5152
5152
5159
5160
5161
5162
4972
4991
4973
4992
4974
4993
4975
4994
4976
4995
4977
4996
4978
4997
4979
4998
4980
4999
4981
5000
4982
5001
4983
5002
4984
5003
4985
5004
4986
5005
4987
5006
4988
5007
4989
5008
4990
5009
5190
5193
5194
5152
5190
5191
5193
4992
5011
4993
5012
4994
5013
4995
5014
4996
5015
4997
5016
4998
5017
4999
5018
5000
5019
5001
5020
5002
5021
5003
5022
5004
5023
5005
5024
5006
5025
5007
5026
5008
5027
5009
5028
5010
5029
5030
5193
5194
5195
5196
5012
5031
5013
5032
5014
5033
5015
5034
5016
5035
5017
5036
5018
5037
5019
5038
5020
5039
5021
5040
5022
5041
5023
5042
5024
5043
5025
5044
5026
5045
5027
5046
5028
5047
5029
5048
5030
5049
5050
5032
5051
5033
5052
5034
5053
5035
5054
5036
5055
5037
5056
5038
5057
5039
5058
5040
5059
5041
5060
5042
5061
5043
5062
5044
5063
5045
5064
5046
5065
5047
5066
5048
5067
5049
5068
5050
5069
5070
5052
5071
5053
5072
5054
5073
5055
5074
5056
5075
5057
5076
5058
5077
5059
5078
5060
5079
5061
5080
5062
5081
5063
5082
5064
5083
5065
5084
5066
5085
5067
5086
5068
5087
5069
5088
5070
5089
5090
5072
5091
5073
5092
5074
5093
5075
5094
5076
5095
5077
5096
5078
5097
5079
5098
5080
5099
5081
5100
5082
5101
5083
5102
5084
5103
5085
5104
5086
5105
5087
5106
5088
5107
5089
5108
5090
5109
5110
5092
5111
5093
5112
5094
5113
5095
5114
5096
5115
5097
5116
5098
5117
5099
5118
5100
5119
5101
5120
5102
5121
5103
5122
5104
5123
5105
5124
5106
5125
5107
5126
5108
5127
5109
5128
5110
5129
5130
5197
5198
5199
5112
5131
5113
5132
5114
5133
5115
5134
5116
5135
5117
5136
5118
5137
5119
5138
5120
5139
5121
5140
5122
5141
5123
5142
5124
5143
5125
5144
5126
5145
5127
5146
5128
5147
5129
5148
5130
5149
5197
5200
5201
5197
5198
5200
5132
5133
5134
5135
5136
5137
5138
5139
5140
5141
5142
5143
5144
5145
5146
5147
5148
5149
5150
5156
5156
5200
5217
5218
5221
5222
5153
5204
5205
5207
5209
5211
5213
5191
5208
5209
5210
5155
5214
5215
5202
5218
5219
5220
5165
5166
5167
5169
5158
5160
5170
5171
5161
5206
5224
5225
5161
5162
5207
5230
5231
5232
5233
5161
5162
5172
5173
5174
5175
5211
5226
5227
5228
5229
5176
5177
5178
5179
5164
5166
5182
5183
5184
5185
5167
5216
5234
5235
5167
5168
5169
5217
5167
5169
5186
5187
5188
5189
5222
5236
5237
5238
5239
5223
5236
5239
5240
5242
5240
5241
5242
5243
5171
5173
5174
5225
5174
5175
5176
5226
5174
5175
5228
5179
5178
5179
5230
5178
5179
5180
5181
5232
5181
5184
5185
5184
5185
5187
5188
5235
5188
5189
5236
5240
5188
5189
5238
5243
5192
5194
5192
5195
5209
5210
5213
5196
5194
5195
5196
5196
5199
5201
5199
5202
5203
5201
5202
5203
5203
5218
5219
5221
5206
5208
5224
5206
5209
5211
5211
5212
5213
5211
5212
5227
5229
5211
5213
5212
5213
5231
5233
5216
5218
5216
5220
5234
5222
5221
5222
5223
5221
5222
5221
5223
5222
5223
5237
5239
5225
5227
5228
5228
5229
5230
5228
5229
5233
5232
5233
5232
5233
5235
5237
5238
5238
5239
5238
5239
5242
5243
5242
5243
5245
5246
5284
5247
5285
5247
5248
5286
5249
5287
5249
5250
5288
5251
5289
5251
5252
5290
5253
5291
5253
5254
5292
5255
5293
5255
5256
5294
5257
5295
5257
5258
5296
5259
5297
5875
6360
6362
5259
5260
5298
5874
5875
5876
5874
5875
6360
5261
5262
5300
5664
5665
5666
5664
5665
5874
6137
5263
5264
5302
5667
5668
5669
5664
5667
5668
6141
5265
5266
5304
5670
5671
5672
5667
5670
5671
6145
5267
5268
5306
5673
5674
5675
5670
5673
5674
6149
5269
5270
5308
5676
5677
5678
5673
5676
5677
6153
5271
5272
5310
5679
5680
5681
5676
5679
5680
6157
5273
5274
5312
5682
5683
5684
5679
5682
5683
6161
5275
5276
5314
5685
5686
5687
5682
5685
5686
6165
5277
5278
5316
5688
5689
5690
5685
5688
5689
6170
5279
5280
5318
5691
5692
5693
5688
5691
5692
6177
5281
5282
5320
5647
5648
5649
5694
5695
5696
5691
5694
5695
6184
5644
5647
5648
5770
5771
5772
5773
5647
5652
5694
5778
5779
5780
5781
6127
5285
5286
5324
5287
5325
5287
5288
5326
5289
5327
5289
5290
5328
5291
5329
5291
5292
5330
5293
5331
5293
5294
5332
5295
5333
5295
5296
5334
5297
5335
5297
5298
5336
5299
5337
5299
5300
5338
5301
5339
5698
5875
5876
6194
6196
6362
6363
5301
5302
5340
5697
5698
5699
5665
5697
5698
6194
5303
5304
5342
5877
5878
5879
5668
5697
5877
5878
6364
5305
5306
5344
5880
5881
5882
5671
5877
5880
5881
6368
5307
5308
5346
5883
5884
5885
5674
5880
5883
5884
6372
5309
5310
5348
5886
5887
5888
5677
5883
5886
5887
6376
5311
5312
5350
5889
5890
5891
5680
5886
5889
5890
6380
5313
5314
5352
5892
5893
5894
5683
5889
5892
5893
6384
5315
5316
5354
5895
5896
5897
5686
5892
5895
5896
6388
5317
5318
5356
5898
5899
5900
5689
5895
5898
5899
6392
5319
5320
5358
5901
5902
5903
5692
5898
5901
5902
6396
5321
5322
5360
5904
5905
5906
5907
5910
5911
5695
5901
5904
5905
6400
5648
5907
5908
5910
5652
5700
5701
5904
5907
6198
5325
5326
5364
5327
5365
5327
5328
5366
5329
5367
5329
5330
5368
5331
5369
5331
5332
5370
5333
5371
5333
5334
5372
5335
5373
5335
5336
5374
5337
5375
5337
5338
5376
5339
5377
5339
5340
5378
5341
5379
5704
6202
6204
5341
5342
5380
5703
5704
5705
5698
5703
5704
6202
5343
5344
5382
5914
5915
5916
5703
5878
5914
5915
6407
5345
5346
5384
5347
5385
5881
5882
5914
5916
6370
6371
6408
6410
5347
5348
5386
5349
5387
5884
5885
6374
6375
5349
5350
5388
5351
5389
5887
5888
6378
6379
5351
5352
5390
5353
5391
5890
5891
6382
6383
5353
5354
5392
5355
5393
5893
5894
6386
6387
5355
5356
5394
5357
5395
5896
5897
6390
6391
5357
5358
5396
5359
5397
5899
5900
6394
6395
5359
5360
5398
5361
5399
5902
5903
5918
6398
6399
6411
6413
5361
5362
5400
5917
5918
5919
5905
5917
5918
6411
5363
5402
5706
5707
5708
5910
5911
5912
5913
5701
5706
5707
5917
6206
5365
5366
5404
5367
5405
5367
5368
5406
5369
5407
5369
5370
5408
5371
5409
5371
5372
5410
5373
5411
5373
5374
5412
5375
5413
5375
5376
5414
5377
5415
5377
5378
5416
5379
5417
5379
5380
5418
5381
5419
5710
6210
6212
5381
5382
5420
5709
5710
5711
5704
5709
5710
6210
5383
5384
5422
5920
5921
5922
5709
5915
5920
5921
6418
5385
5386
5424
5387
5425
5920
5922
6419
6421
5387
5388
5426
5389
5427
5389
5390
5428
5391
5429
5391
5392
5430
5393
5431
5393
5394
5432
5395
5433
5395
5396
5434
5397
5435
5397
5398
5436
5399
5437
5399
5400
5438
5401
5439
5924
6422
6424
5401
5402
5440
5923
5924
5925
5918
5923
5924
6422
5403
5442
5712
5713
5714
5707
5712
5713
5923
6214
5405
5406
5444
5407
5445
5407
5408
5446
5409
5447
5409
5410
5448
5411
5449
5411
5412
5450
5413
5451
5413
5414
5452
5415
5453
5415
5416
5454
5417
5455
5417
5418
5456
5419
5457
5419
5420
5458
5421
5459
5716
6218
6220
5421
5422
5460
5715
5716
5717
5710
5715
5716
6218
5423
5424
5462
5926
5927
5928
5715
5921
5926
5927
6429
5425
5426
5464
5427
5465
5926
5928
6430
6432
5427
5428
5466
5429
5467
5429
5430
5468
5431
5469
5431
5432
5470
5433
5471
5433
5434
5472
5435
5473
5435
5436
5474
5437
5475
5437
5438
5476
5439
5477
5439
5440
5478
5441
5479
5930
6433
6435
5441
5442
5480
5929
5930
5931
5924
5929
5930
6433
5443
5482
5718
5719
5720
5713
5718
5719
5929
6222
5445
5446
5484
5447
5485
5447
5448
5486
5449
5487
5449
5450
5488
5451
5489
5451
5452
5490
5453
5491
5453
5454
5492
5455
5493
5455
5456
5494
5457
5495
5457
5458
5496
5459
5497
5459
5460
5498
5461
5499
5722
6226
6228
5461
5462
5500
5721
5722
5723
5716
5721
5722
6226
5463
5464
5502
5932
5933
5934
5721
5927
5932
5933
6438
5465
5466
5504
5467
5505
5932
5934
6439
6441
5467
5468
5506
5469
5507
5469
5470
5508
5471
5509
5471
5472
5510
5473
5511
5473
5474
5512
5475
5513
5475
5476
5514
5477
5515
5477
5478
5516
5479
5517
5479
5480
5518
5481
5519
5936
6442
6444
5481
5482
5520
5935
5936
5937
5930
5935
5936
6442
5483
5522
5724
5725
5726
5719
5724
5725
5935
6230
5485
5486
5524
5487
5525
5487
5488
5526
5489
5527
5489
5490
5528
5491
5529
5491
5492
5530
5493
5531
5493
5494
5532
5495
5533
5495
5496
5534
5497
5535
5497
5498
5536
5499
5537
5499
5500
5538
5501
5539
5728
6234
6236
5501
5502
5540
5727
5728
5729
5722
5727
5728
6234
5503
5504
5542
5938
5939
5940
5727
5933
5938
5939
6446
5505
5506
5544
5507
5545
5938
5940
6447
6449
5507
5508
5546
5509
5547
5509
5510
5548
5511
5549
5511
5512
5550
5513
5551
5513
5514
5552
5515
5553
5515
5516
5554
5517
5555
5517
5518
5556
5519
5557
5519
5520
5558
5521
5559
5942
6450
6452
5521
5522
5560
5941
5942
5943
5936
5941
5942
6450
5523
5562
5730
5731
5732
5725
5730
5731
5941
6238
5525
5526
5564
5527
5565
5527
5528
5566
5529
5567
5529
5530
5568
5531
5569
5531
5532
5570
5533
5571
5533
5534
5572
5535
5573
5535
5536
5574
5537
5575
5537
5538
5576
5539
5577
5539
5540
5578
5541
5579
5734
6242
6244
5541
5542
5580
5733
5734
5735
5728
5733
5734
6242
5543
5544
5582
5944
5945
5946
5733
5939
5944
5945
6454
5545
5546
5584
5547
5585
5944
5946
5953
6455
6457
6466
6467
5547
5548
5586
5549
5587
5956
6470
6471
5549
5550
5588
5551
5589
5959
6474
6475
5551
5552
5590
5553
5591
5962
6478
6479
5553
5554
5592
5555
5593
5965
6482
6483
5555
5556
5594
5557
5595
5968
6486
6487
5557
5558
5596
5559
5597
5971
6490
6491
5559
5560
5598
5561
5599
5948
5974
6458
6460
6494
6495
5561
5562
5600
5947
5948
5949
5942
5947
5948
6458
5563
5602
5736
5737
5738
5980
5981
5982
5731
5736
5737
5947
6246
5565
5566
5604
5567
5605
5567
5568
5606
5569
5607
5569
5570
5608
5571
5609
5571
5572
5610
5573
5611
5573
5574
5612
5575
5613
5575
5576
5614
5577
5615
5577
5578
5616
5579
5617
5579
5580
5618
5581
5619
5740
5987
6250
6252
6502
6503
5581
5582
5620
5739
5740
5741
5734
5739
5740
6250
5583
5584
5622
5950
5951
5952
5739
5945
5950
5951
6462
5585
5586
5624
5953
5954
5955
5950
5953
5954
6466
5587
5588
5626
5956
5957
5958
5953
5956
5957
6470
5589
5590
5628
5959
5960
5961
5956
5959
5960
6474
5591
5592
5630
5962
5963
5964
5959
5962
5963
6478
5593
5594
5632
5965
5966
5967
5962
5965
5966
6482
5595
5596
5634
5968
5969
5970
5965
5968
5969
6486
5597
5598
5636
5971
5972
5973
5968
5971
5972
6490
5599
5600
5638
5974
5975
5976
5971
5974
5975
6494
5601
5602
5640
5977
5978
5979
5980
5983
5984
5948
5974
5977
5978
6498
5980
5981
5983
5737
5742
5743
5977
5980
6254
5605
5606
5607
5607
5608
5609
5609
5610
5611
5611
5612
5613
5613
5614
5615
5615
5616
5617
5617
5618
5619
5988
6502
6504
5619
5620
5987
5988
5989
5987
5988
6502
5621
5622
5745
5746
5747
5740
5745
5746
5987
6258
5623
5624
5748
5749
5750
5745
5748
5749
5951
6262
5625
5626
5751
5752
5753
5748
5751
5752
5954
6266
5627
5628
5798
5799
5800
5751
5798
5799
5957
6324
5629
5630
5801
5802
5803
5798
5801
5802
5960
6328
5631
5632
5804
5805
5806
5801
5804
5805
5963
6332
5633
5634
5807
5808
5809
5804
5807
5808
5966
6336
5635
5636
5754
5755
5756
5754
5755
5807
5969
6270
5637
5638
5757
5758
5759
5754
5757
5758
5972
6274
5639
5640
5760
5761
5762
5757
5760
5761
5975
6278
5641
5642
5657
5660
5661
5763
5764
5765
5760
5763
5764
5978
6282
5654
5657
5660
5983
6025
6026
6029
6030
5657
5663
5743
5763
6039
6040
6043
6044
6134
5645
5766
5767
5768
5769
5648
5990
5992
5994
5996
5650
5991
5992
5993
5649
5774
5775
5776
5777
5649
5997
5999
6001
6003
5652
5907
6004
6006
6008
6010
5908
5998
5999
6000
5653
5909
6005
6006
6007
5696
6011
6013
6015
6017
6128
5700
6012
6013
6014
5656
6018
6019
6022
6023
5658
6019
6020
6021
5660
5782
5783
5784
5785
5661
5984
6032
6033
6036
6037
5985
6026
6027
6028
5662
5986
6033
6034
6035
5661
5786
5787
5788
5789
5663
5790
5791
5792
5793
5744
6040
6041
6042
5765
5794
5795
5796
5797
6136
5666
6138
5666
5876
6139
5668
5697
6140
5669
6142
5669
6143
5671
5877
6144
5672
6146
5672
6147
5674
5880
6148
5675
6150
5675
6151
5677
5883
6152
5678
6154
5678
6155
5680
5886
6156
5681
6158
5681
6159
5683
5889
6160
5684
6162
5684
6163
5686
5892
6164
5687
6166
5687
6167
5689
5895
6168
5690
6171
5690
6172
5692
5898
6173
5693
6178
5693
6179
5695
5901
6180
5696
6185
5696
6186
5904
6187
5699
6195
5699
6196
5703
5878
6197
5702
5909
6013
6014
6017
6588
6590
6592
6593
5702
5906
5911
6200
5706
5913
6597
6598
6599
6600
5705
6203
5705
6204
5709
5915
6205
5708
6604
6605
6606
6607
5708
5919
6208
5712
6611
6612
6613
6614
5711
6211
5711
6212
5715
5921
6213
5714
6618
6619
6620
6621
5714
5925
6216
5718
6625
6626
6627
6628
5717
6219
5717
6220
5721
5927
6221
5720
6632
6633
6634
6635
5720
5931
6224
5724
6639
6640
6641
6642
5723
6227
5723
6228
5727
5933
6229
5726
6646
6647
6648
6649
5726
5937
6232
5730
6653
6654
6655
6656
5729
6235
5729
6236
5733
5939
6237
5732
6660
6661
6662
6663
5732
5943
6240
5736
6667
6668
6669
6670
5735
6243
5735
6244
5739
5945
6245
5738
6674
6675
6676
6677
5738
5949
6248
5742
6681
6682
6683
6684
5741
6251
5741
6252
5745
5951
6253
5744
5982
6688
6689
6690
6691
5744
5979
5984
6256
5986
6040
6041
6043
6694
6696
6697
6698
5747
6259
5747
5989
6260
5749
6261
5750
5952
6263
5750
6264
5752
6265
5753
5955
6267
5753
6268
5799
6269
5756
5970
6271
5756
5809
6272
5758
6273
5759
5973
6275
5759
6276
5761
6277
5762
5976
6279
5762
6280
5764
6281
5765
5979
6283
5765
6284
6285
5768
5769
5990
6050
6051
6052
6053
5768
5769
5771
5810
5811
5812
5813
5772
5994
6046
6047
6048
6049
5838
5839
5840
5841
5772
5773
5774
5997
6058
6059
6060
6061
5772
5773
5814
5815
5816
5817
6001
6054
6055
6056
6057
5777
5842
5843
5844
5845
5776
5777
6004
6066
6067
6068
6069
5776
5777
5779
5818
5819
5820
5821
5780
6008
6062
6063
6064
6065
5846
5847
5848
5849
5780
5781
6011
6074
6075
6076
6077
6298
5780
5781
5822
5823
5824
5825
6015
6070
6071
6072
6073
5850
5851
5852
5853
6301
5784
5785
6018
6082
6083
6084
6085
5784
5785
5787
5826
5827
5828
5829
5788
6023
6078
6079
6080
6081
5854
5855
5856
5857
5788
5789
5790
6025
6090
6091
6092
6093
5788
5789
5862
5863
5864
5865
6030
6086
6087
6088
6089
5793
5866
5867
5868
5869
5792
5793
6032
6098
6099
6100
6101
5792
5793
5795
5830
5831
5832
5833
5796
6037
6094
6095
6096
6097
5870
5871
5872
5873
5796
5797
6039
6106
6107
6108
6109
6320
5796
5797
5834
5835
5836
5837
6044
6102
6103
6104
6105
5858
5859
5860
5861
6323
5800
5958
6325
5800
6326
5802
6327
5803
5961
6329
5803
6330
5805
6331
5806
5964
6333
5806
6334
5808
6335
5809
5967
6337
5809
6338
6339
5812
5813
5838
6046
5812
5813
5815
5816
6049
5841
5816
5817
5842
6054
5816
5817
6056
5845
5820
5821
5846
6062
5820
5821
5823
5824
6065
5849
5824
5825
5850
6070
5824
5825
6072
5853
5828
5829
5854
6078
5828
5829
5863
5864
6081
5857
5832
5833
5870
6094
5832
5833
5835
5837
6097
5873
5836
5837
5858
6102
5836
5837
5860
6104
5840
5841
6050
5840
5841
6052
5844
5845
6058
5844
5845
5847
5848
6060
5848
5849
6066
5848
5849
6068
5852
5853
6074
5852
5853
6353
6076
6354
5856
5857
6082
5856
5857
6085
5860
5861
6106
5860
5861
6357
6109
6359
5864
5865
5866
6086
5864
5865
6088
5869
5868
5869
6090
5868
5869
5871
5872
6093
5872
5873
6098
5872
5873
6101
5876
6361
5876
6362
6363
5879
6365
5879
6366
5881
5914
6367
5882
6369
5882
6370
5884
6371
5885
6373
5885
6374
5887
6375
5888
6377
5888
6378
5890
6379
5891
6381
5891
6382
5893
6383
5894
6385
5894
6386
5896
6387
5897
6389
5897
6390
5899
6391
5900
6393
5900
6394
5902
6395
5903
6397
5903
6398
5905
6399
5906
6401
5906
6402
5917
6403
5909
5911
5909
5912
5999
6000
6003
5913
6006
6007
6010
5911
5912
5913
5913
5916
6408
5916
6409
5920
6410
5919
6412
5919
6413
5923
6414
5922
6419
5922
6420
5926
6421
5925
6423
5925
6424
5929
6425
5928
6430
5928
6431
5932
6432
5931
6434
5931
6435
5935
6436
5934
6439
5934
6440
5938
6441
5937
6443
5937
6444
5941
6445
5940
6447
5940
6448
5944
6449
5943
6451
5943
6452
5947
6453
5946
6455
5946
6456
5950
6457
5949
6459
5949
6460
5977
6461
5952
6463
5952
6464
5954
6465
5955
6467
5955
6468
5957
6469
5958
6471
5958
6472
5960
6473
5961
6475
5961
6476
5963
6477
5964
6479
5964
6480
5966
6481
5967
6483
5967
6484
5969
6485
5970
6487
5970
6488
5972
6489
5973
6491
5973
6492
5975
6493
5976
6495
5976
6496
5978
6497
5979
6499
5979
6500
6501
5982
5984
5982
5985
5986
5984
5985
5986
5986
6026
6027
6029
6033
6034
6036
5989
6503
5989
6504
6505
5994
5995
5996
5994
5995
5998
6047
6048
5994
5996
5999
5995
5996
6001
6051
6053
6001
6002
6003
6004
6001
6002
6055
6057
6001
6003
6002
6003
6007
6009
6059
6061
6010
6008
6009
6010
6008
6009
6012
6063
6064
6008
6010
6013
6009
6010
6015
6067
6069
6015
6016
6017
6525
6015
6016
6071
6073
6015
6017
6016
6017
6528
6075
6077
6530
6531
6022
6023
6024
6022
6023
6026
6022
6024
6023
6024
6028
6079
6080
6030
6083
6084
6029
6030
6031
6032
6029
6030
6029
6031
6034
6030
6031
6087
6089
6036
6038
6091
6092
6036
6037
6038
6036
6037
6040
6036
6038
6037
6038
6042
6095
6096
6044
6099
6100
6043
6044
6045
6578
6043
6044
6043
6045
6580
6044
6045
6103
6105
6582
6107
6108
6584
6048
6049
6050
6048
6049
6055
6053
6056
6052
6053
6052
6053
6056
6057
6058
6056
6057
6061
6060
6061
6060
6061
6067
6068
6064
6065
6066
6064
6065
6071
6069
6072
6068
6069
6068
6069
6072
6073
6074
6072
6073
6077
6076
6077
6076
6077
6704
6705
6080
6081
6082
6080
6081
6087
6084
6088
6084
6085
6084
6085
6088
6089
6090
6088
6089
6092
6092
6093
6092
6093
6099
6101
6096
6097
6098
6096
6097
6103
6100
6104
6100
6101
6100
6101
6104
6105
6106
6104
6105
6108
6108
6109
6108
6109
6748
6750
6117
6170
6174
6175
6118
6177
6181
6182
6121
6184
6188
6189
6124
6127
6191
6192
6130
6198
6404
6405
6131
6206
6415
6416
6132
6214
6426
6427
6166
6286
6287
6171
6289
6290
6172
6507
6508
6122
6173
6510
6511
6178
6292
6293
6179
6513
6514
6125
6180
6516
6517
6185
6295
6296
6186
6519
6520
6130
6187
6522
6523
6128
6185
6191
6192
6193
6298
6299
6300
6301
6130
6187
6198
6525
6527
6529
6531
6532
6533
6534
6199
6526
6527
6528
6535
6536
6532
6533
6200
6539
6540
6208
6546
6547
6216
6553
6554
6136
6256
6283
6578
6579
6582
6583
6257
6579
6580
6581
6585
6586
6285
6320
6321
6322
6323
6138
6139
6361
6140
6141
6140
6194
6363
6143
6195
6142
6143
6144
6145
6144
6364
6147
6365
6146
6147
6148
6149
6148
6368
6151
6369
6150
6151
6152
6153
6152
6372
6155
6373
6154
6155
6156
6157
6156
6376
6159
6377
6158
6159
6160
6161
6160
6380
6163
6381
6162
6163
6164
6165
6164
6384
6167
6385
6166
6167
6169
6168
6170
6286
6287
6288
6168
6388
6172
6389
6506
6286
6171
6172
6174
6175
6176
6173
6177
6289
6290
6291
6173
6392
6507
6508
6509
6179
6393
6510
6511
6512
6176
6289
6176
6287
6507
6291
6509
6178
6179
6181
6182
6183
6180
6184
6292
6293
6294
6180
6396
6513
6514
6515
6186
6397
6516
6517
6518
6183
6292
6183
6290
6513
6294
6515
6185
6186
6188
6189
6190
6187
6295
6296
6297
6187
6400
6519
6520
6521
6401
6522
6523
6524
6190
6295
6190
6293
6519
6297
6521
6193
6302
6193
6296
6532
6303
6534
6195
6196
6197
6364
6197
6202
6203
6366
6200
6401
6404
6405
6406
6587
6590
6591
6592
6537
6538
6587
6588
6589
6206
6403
6539
6540
6541
6595
6596
6597
6600
6207
6542
6543
6594
6595
6598
6203
6204
6205
6407
6205
6210
6211
6409
6208
6412
6415
6416
6417
6601
6603
6604
6606
6544
6545
6601
6602
6605
6214
6414
6546
6547
6548
6609
6610
6611
6614
6215
6549
6550
6608
6609
6612
6211
6212
6213
6418
6213
6218
6219
6420
6216
6423
6426
6427
6428
6615
6617
6618
6620
6551
6552
6615
6616
6619
6222
6425
6553
6554
6555
6623
6624
6625
6628
6223
6556
6557
6622
6623
6626
6219
6220
6221
6429
6221
6226
6227
6431
6224
6434
6437
6629
6631
6632
6634
6558
6559
6629
6630
6633
6230
6436
6637
6638
6639
6642
6231
6560
6561
6636
6637
6640
6227
6228
6229
6438
6229
6234
6235
6440
6232
6443
6643
6645
6646
6648
6562
6563
6643
6644
6647
6238
6445
6651
6652
6653
6656
6239
6564
6565
6650
6651
6654
6235
6236
6237
6446
6237
6242
6243
6448
6240
6451
6657
6659
6660
6662
6566
6567
6657
6658
6661
6246
6453
6665
6666
6667
6670
6247
6568
6569
6664
6665
6668
6243
6244
6245
6454
6245
6250
6251
6456
6248
6459
6671
6673
6674
6676
6570
6571
6671
6672
6675
6254
6461
6679
6680
6681
6684
6255
6572
6573
6678
6679
6682
6251
6252
6253
6462
6253
6258
6259
6464
6256
6499
6685
6687
6688
6690
6574
6575
6685
6686
6689
6501
6693
6695
6696
6697
6576
6577
6692
6693
6694
6259
6260
6503
6261
6262
6261
6505
6264
6263
6264
6464
6265
6266
6465
6265
6268
6267
6268
6468
6269
6324
6469
6269
6326
6271
6272
6337
6488
6273
6274
6489
6273
6339
6276
6275
6276
6492
6277
6278
6493
6277
6280
6279
6280
6496
6281
6282
6497
6281
6284
6283
6284
6500
6285
6501
6285
6288
6288
6506
6291
6291
6510
6512
6294
6294
6516
6518
6297
6297
6522
6524
6300
6301
6525
6703
6704
6705
6706
6300
6301
6302
6340
6341
6342
6343
6303
6529
6699
6700
6701
6702
6352
6353
6354
6355
6303
6344
6345
6305
6707
6708
6305
6306
6527
6533
6535
6536
6529
6534
6709
6710
6307
6404
6537
6538
6587
6309
6406
6591
6711
6712
6309
6310
6540
6542
6543
6595
6541
6596
6713
6714
6311
6415
6544
6545
6601
6313
6417
6603
6715
6716
6313
6314
6547
6549
6550
6609
6548
6610
6717
6718
6315
6426
6551
6552
6615
6317
6428
6617
6719
6720
6317
6318
6554
6556
6557
6623
6555
6624
6721
6722
6319
6437
6558
6559
6629
6631
6723
6724
6322
6323
6578
6747
6748
6749
6750
6322
6323
6346
6347
6348
6349
6583
6743
6744
6745
6746
6356
6357
6358
6359
6325
6326
6472
6327
6328
6473
6327
6330
6329
6330
6476
6331
6332
6477
6331
6334
6333
6334
6480
6335
6336
6481
6335
6338
6337
6338
6484
6339
6485
6339
6342
6343
6352
6699
6342
6343
6344
6345
6702
6355
6345
6708
6348
6349
6356
6743
6348
6349
6350
6358
6351
6746
6351
6754
6354
6355
6703
6354
6355
6705
6358
6359
6747
6358
6359
6750
6361
6362
6363
6363
6365
6366
6367
6368
6367
6407
6370
6408
6369
6370
6371
6372
6371
6374
6373
6374
6375
6376
6375
6378
6377
6378
6379
6380
6379
6382
6381
6382
6383
6384
6383
6386
6385
6386
6387
6388
6387
6390
6389
6390
6391
6392
6391
6394
6393
6394
6395
6396
6395
6398
6397
6398
6399
6400
6399
6402
6401
6402
6403
6403
6411
6412
6406
6533
6406
6539
6541
6408
6409
6410
6410
6418
6419
6412
6413
6414
6414
6422
6423
6417
6540
6417
6546
6548
6419
6420
6421
6421
6429
6430
6423
6424
6425
6425
6433
6434
6428
6547
6428
6553
6555
6430
6431
6432
6432
6438
6439
6434
6435
6436
6436
6442
6443
6554
6439
6440
6441
6441
6446
6447
6443
6444
6445
6445
6450
6451
6447
6448
6449
6449
6454
6455
6451
6452
6453
6453
6458
6459
6455
6456
6457
6457
6462
6463
6459
6460
6461
6461
6498
6499
6463
6464
6465
6466
6465
6468
6467
6468
6469
6470
6469
6472
6471
6472
6473
6474
6473
6476
6475
6476
6477
6478
6477
6480
6479
6480
6481
6482
6481
6484
6483
6484
6485
6486
6485
6488
6487
6488
6489
6490
6489
6492
6491
6492
6493
6494
6493
6496
6495
6496
6497
6498
6497
6500
6499
6500
6501
6501
6503
6504
6505
6505
6507
6509
6509
6511
6512
6512
6513
6512
6515
6515
6517
6518
6518
6519
6518
6521
6521
6523
6524
6524
6532
6524
6529
6530
6531
6529
6530
6700
6701
6709
6710
6529
6531
6587
6530
6531
6588
6704
6706
6590
6534
6534
6536
6537
6710
6538
6712
6541
6541
6543
6544
6714
6545
6716
6548
6548
6550
6551
6718
6552
6720
6555
6555
6557
6558
6722
6559
6724
6561
6562
6726
6563
6728
6565
6566
6730
6567
6732
6569
6570
6734
6571
6736
6573
6574
6738
6575
6740
6577
6585
6742
6582
6583
6584
6582
6583
6693
6582
6584
6694
6583
6584
6744
6745
6751
6752
6696
6748
6749
6586
6752
6590
6591
6590
6593
6591
6593
6594
6711
6712
6592
6592
6596
6593
6597
6599
6596
6599
6713
6714
6596
6600
6601
6597
6599
6600
6599
6600
6605
6606
6603
6606
6603
6607
6608
6715
6716
6604
6610
6606
6607
6611
6606
6607
6613
6610
6613
6717
6718
6610
6614
6615
6611
6613
6614
6613
6614
6619
6620
6617
6620
6617
6621
6622
6719
6720
6618
6624
6620
6621
6625
6620
6621
6627
6624
6627
6721
6722
6624
6628
6629
6625
6627
6628
6627
6628
6633
6634
6631
6634
6631
6635
6636
6723
6724
6632
6638
6634
6635
6639
6634
6635
6641
6638
6641
6725
6726
6638
6642
6643
6639
6641
6642
6641
6642
6647
6648
6645
6648
6645
6649
6650
6727
6728
6646
6652
6648
6649
6653
6648
6649
6655
6652
6655
6729
6730
6652
6656
6657
6653
6655
6656
6655
6656
6661
6662
6659
6662
6659
6663
6664
6731
6732
6660
6666
6662
6663
6667
6662
6663
6669
6666
6669
6733
6734
6666
6670
6671
6667
6669
6670
6669
6670
6675
6676
6673
6676
6673
6677
6678
6735
6736
6674
6680
6676
6677
6681
6676
6677
6683
6680
6683
6737
6738
6680
6684
6685
6681
6683
6684
6683
6684
6689
6690
6687
6690
6687
6691
6692
6739
6740
6688
6695
6690
6691
6697
6690
6691
6698
6695
6698
6741
6742
6695
6696
6696
6698
6697
6697
6698
6701
6702
6703
6701
6702
6707
6706
6708
6705
6706
6705
6706
6708
6709
6710
6712
6713
6714
6716
6717
6718
6720
6721
6722
6724
6725
6726
6728
6729
6730
6732
6733
6734
6736
6737
6738
6740
6741
6742
6745
6746
6747
6745
6746
6753
6749
6754
6749
6750
6749
6750
6752
6753
6754
)


// ************************************************************************* //
