/*--------------------------------*- C++ -*----------------------------------*\
  =========                 |
  \\      /  F ield         | OpenFOAM: The Open Source CFD Toolbox
   \\    /   O peration     | Website:  https://openfoam.org
    \\  /    A nd           | Version:  7
     \\/     M anipulation  |
\*---------------------------------------------------------------------------*/
FoamFile
{
    version     2.0;
    format      ascii;
    class       labelList;
    note        "nPoints:10030  nCells:6458  nFaces:22525  nInternalFaces:18371";
    location    "constant/polyMesh";
    object      neighbour;
}
// * * * * * * * * * * * * * * * * * * * * * * * * * * * * * * * * * * * * * //


18371
(
1
13
260
2723
6288
2
14
261
6289
3
15
262
6290
4
16
263
6291
5
17
264
6292
6
18
265
6293
7
19
266
6294
8
20
267
6295
9
21
268
6296
10
22
269
6297
11
23
270
6298
12
24
271
6299
25
272
3430
6300
14
26
273
2724
15
27
274
16
28
275
17
29
276
18
30
277
19
31
278
20
32
279
21
33
280
22
34
281
23
35
282
24
36
283
25
37
284
38
285
3431
27
39
286
2725
28
40
287
29
41
288
30
42
289
31
43
290
32
44
291
33
45
292
34
46
293
35
47
294
36
48
295
37
49
296
38
50
297
51
298
3432
40
52
299
2726
41
53
300
42
54
301
43
55
302
44
56
303
45
57
304
46
58
305
47
59
306
48
60
307
49
61
308
50
62
309
51
63
310
64
311
3433
53
65
312
2727
54
66
313
55
67
314
56
68
315
57
69
316
58
70
317
59
71
318
60
72
319
61
73
320
62
74
321
63
75
322
64
76
323
77
324
3434
66
78
325
2728
67
79
326
68
80
327
69
81
328
70
82
329
71
83
330
72
84
331
73
85
332
74
86
333
75
87
334
76
88
335
77
89
336
90
337
3435
79
91
338
2729
80
92
339
81
93
340
82
94
341
83
95
342
84
96
343
85
97
344
86
98
345
87
99
346
88
100
347
89
101
348
90
102
349
103
350
3436
92
104
351
2730
93
105
352
94
106
353
95
107
354
96
108
355
97
109
356
98
110
357
99
111
358
100
112
359
101
113
360
102
114
361
103
115
362
116
363
3437
105
117
364
3112
106
118
365
107
119
366
108
120
367
109
121
368
110
122
369
111
123
370
112
124
371
113
125
372
114
126
373
115
127
374
116
128
375
129
376
3438
118
130
377
3114
119
131
378
120
132
379
121
133
380
122
134
381
123
135
382
124
136
383
125
137
384
126
138
385
127
139
386
128
140
387
129
141
388
142
389
3439
131
143
390
3116
132
144
391
133
145
392
134
146
393
135
147
394
136
148
395
137
149
396
138
150
397
139
151
398
140
152
399
141
153
400
142
154
401
155
402
3440
144
156
403
3118
145
157
404
146
158
405
147
159
406
148
160
407
149
161
408
150
162
409
151
163
410
152
164
411
153
165
412
154
166
413
155
167
414
168
415
3441
157
169
416
3120
158
170
417
159
171
418
160
172
419
161
173
420
162
174
421
163
175
422
164
176
423
165
177
424
166
178
425
167
179
426
168
180
427
181
428
3442
170
182
429
3122
171
183
430
172
184
431
173
185
432
174
186
433
175
187
434
176
188
435
177
189
436
178
190
437
179
191
438
180
192
439
181
193
440
194
441
3443
183
195
442
3124
184
196
443
185
197
444
186
198
445
187
199
446
188
200
447
189
201
448
190
202
449
191
203
450
192
204
451
193
205
452
194
206
453
207
454
3444
196
208
455
3126
197
209
456
198
210
457
199
211
458
200
212
459
201
213
460
202
214
461
203
215
462
204
216
463
205
217
464
206
218
465
207
219
466
220
467
3445
209
221
468
3128
210
222
469
211
223
470
212
224
471
213
225
472
214
226
473
215
227
474
216
228
475
217
229
476
218
230
477
219
231
478
220
232
479
233
480
3446
222
234
481
3130
223
235
482
224
236
483
225
237
484
226
238
485
227
239
486
228
240
487
229
241
488
230
242
489
231
243
490
232
244
491
233
245
492
246
493
3447
235
247
494
2856
2859
2860
3132
236
248
495
2863
2866
2867
237
249
496
2870
2873
2874
238
250
497
2877
2880
2881
239
251
498
2884
2887
2888
240
252
499
2891
2894
2895
241
253
500
2898
2901
2902
242
254
501
2905
2908
2909
243
255
502
2912
2915
2916
244
256
503
2919
2922
2923
245
257
504
2926
2929
2930
246
258
505
2933
2936
2937
259
506
2940
2943
2944
3448
2856
2857
2859
3401
2856
2863
2864
2866
2863
2870
2871
2873
2870
2877
2878
2880
2877
2884
2885
2887
2884
2891
2892
2894
2891
2898
2899
2901
2898
2905
2906
2908
2905
2912
2913
2915
2912
2919
2920
2922
2919
2926
2927
2929
2926
2933
2934
2936
2933
2940
2941
2943
261
273
520
2731
6301
262
274
521
6302
263
275
522
6303
264
276
523
6304
265
277
524
6305
266
278
525
6306
267
279
526
6307
268
280
527
6308
269
281
528
6309
270
282
529
6310
271
283
530
6311
272
284
531
6312
285
532
3450
6313
274
286
533
2732
275
287
534
276
288
535
277
289
536
278
290
537
279
291
538
280
292
539
281
293
540
282
294
541
283
295
542
284
296
543
285
297
544
298
545
3451
287
299
546
2733
288
300
547
289
301
548
290
302
549
291
303
550
292
304
551
293
305
552
294
306
553
295
307
554
296
308
555
297
309
556
298
310
557
311
558
3452
300
312
559
2734
301
313
560
302
314
561
303
315
562
304
316
563
305
317
564
306
318
565
307
319
566
308
320
567
309
321
568
310
322
569
311
323
570
324
571
3453
313
325
572
2735
314
326
573
315
327
574
316
328
575
317
329
576
318
330
577
319
331
578
320
332
579
321
333
580
322
334
581
323
335
582
324
336
583
337
584
3454
326
338
585
2736
327
339
586
328
340
587
329
341
588
330
342
589
331
343
590
332
344
591
333
345
592
334
346
593
335
347
594
336
348
595
337
349
596
350
597
3455
339
351
598
2737
340
352
599
341
353
600
342
354
601
343
355
602
344
356
603
345
357
604
346
358
605
347
359
606
348
360
607
349
361
608
350
362
609
363
610
3456
352
364
611
2738
353
365
612
354
366
613
355
367
614
356
368
615
357
369
616
358
370
617
359
371
618
360
372
619
361
373
620
362
374
621
363
375
622
376
623
3457
365
377
624
2739
366
378
625
367
379
626
368
380
627
369
381
628
370
382
629
371
383
630
372
384
631
373
385
632
374
386
633
375
387
634
376
388
635
389
636
3458
378
390
637
3145
379
391
638
380
392
639
381
393
640
382
394
641
383
395
642
384
396
643
385
397
644
386
398
645
387
399
646
388
400
647
389
401
648
402
649
3459
391
403
650
3147
392
404
651
393
405
652
394
406
653
395
407
654
396
408
655
397
409
656
398
410
657
399
411
658
400
412
659
401
413
660
402
414
661
415
662
3460
404
416
663
3149
405
417
664
406
418
665
407
419
666
408
420
667
409
421
668
410
422
669
411
423
670
412
424
671
413
425
672
414
426
673
415
427
674
428
675
3461
417
429
676
3151
418
430
677
419
431
678
420
432
679
421
433
680
422
434
681
423
435
682
424
436
683
425
437
684
426
438
685
427
439
686
428
440
687
441
688
3462
430
442
689
3153
431
443
690
432
444
691
433
445
692
434
446
693
435
447
694
436
448
695
437
449
696
438
450
697
439
451
698
440
452
699
441
453
700
454
701
3463
443
455
702
3155
444
456
703
445
457
704
446
458
705
447
459
706
448
460
707
449
461
708
450
462
709
451
463
710
452
464
711
453
465
712
454
466
713
467
714
3464
456
468
715
3157
457
469
716
458
470
717
459
471
718
460
472
719
461
473
720
462
474
721
463
475
722
464
476
723
465
477
724
466
478
725
467
479
726
480
727
3465
469
481
728
3159
470
482
729
471
483
730
472
484
731
473
485
732
474
486
733
475
487
734
476
488
735
477
489
736
478
490
737
479
491
738
480
492
739
493
740
3466
482
494
741
3161
483
495
742
484
496
743
485
497
744
486
498
745
487
499
746
488
500
747
489
501
748
490
502
749
491
503
750
492
504
751
493
505
752
506
753
3467
495
507
754
3163
496
508
755
497
509
756
498
510
757
499
511
758
500
512
759
501
513
760
502
514
761
503
515
762
504
516
763
505
517
764
506
518
765
519
766
3468
508
767
2859
2860
2861
2862
3165
509
768
2866
2867
2868
2869
510
769
2873
2874
2875
2876
511
770
2880
2881
2882
2883
512
771
2887
2888
2889
2890
513
772
2894
2895
2896
2897
514
773
2901
2902
2903
2904
515
774
2908
2909
2910
2911
516
775
2915
2916
2917
2918
517
776
2922
2923
2924
2925
518
777
2929
2930
2931
2932
519
778
2936
2937
2938
2939
779
2943
2944
2945
2946
4335
4336
4337
4338
521
533
780
2740
6314
522
534
781
6315
523
535
782
6316
524
536
783
6317
525
537
784
6318
526
538
785
6319
527
539
786
6320
528
540
787
6321
529
541
788
6322
530
542
789
6323
531
543
790
6324
532
544
791
6325
545
792
3470
6326
534
546
793
2741
535
547
794
536
548
795
537
549
796
538
550
797
539
551
798
540
552
799
541
553
800
542
554
801
543
555
802
544
556
803
545
557
804
558
805
3471
547
559
806
2742
548
560
807
549
561
808
550
562
809
551
563
810
552
564
811
553
565
812
554
566
813
555
567
814
556
568
815
557
569
816
558
570
817
571
818
3472
560
572
819
2743
561
573
820
562
574
821
563
575
822
564
576
823
565
577
824
566
578
825
567
579
826
568
580
827
569
581
828
570
582
829
571
583
830
584
831
3473
573
585
832
2744
574
586
833
575
587
834
576
588
835
577
589
836
578
590
837
579
591
838
580
592
839
581
593
840
582
594
841
583
595
842
584
596
843
597
844
3474
586
598
845
2745
587
599
846
588
600
847
589
601
848
590
602
849
591
603
850
592
604
851
593
605
852
594
606
853
595
607
854
596
608
855
597
609
856
610
857
3475
599
611
858
2746
600
612
859
601
613
860
602
614
861
603
615
862
604
616
863
605
617
864
606
618
865
607
619
866
608
620
867
609
621
868
610
622
869
623
870
3476
612
624
871
2747
613
625
872
614
626
873
615
627
874
616
628
875
617
629
876
618
630
877
619
631
878
620
632
879
621
633
880
622
634
881
623
635
882
636
883
3477
625
637
884
2748
626
638
885
627
639
886
628
640
887
629
641
888
630
642
889
631
643
890
632
644
891
633
645
892
634
646
893
635
647
894
636
648
895
649
896
3478
638
650
897
2749
639
651
898
640
652
899
641
653
900
642
654
901
643
655
902
644
656
903
645
657
904
646
658
905
647
659
906
648
660
907
649
661
908
662
909
3479
651
663
910
3177
652
664
911
653
665
912
654
666
913
655
667
914
656
668
915
657
669
916
658
670
917
659
671
918
660
672
919
661
673
920
662
674
921
675
922
3480
664
676
923
3179
665
677
924
666
678
925
667
679
926
668
680
927
669
681
928
670
682
929
671
683
930
672
684
931
673
685
932
674
686
933
675
687
934
688
935
3481
677
689
936
3181
678
690
937
679
691
938
680
692
939
681
693
940
682
694
941
683
695
942
684
696
943
685
697
944
686
698
945
687
699
946
688
700
947
701
948
3482
690
702
949
3183
691
703
950
692
704
951
693
705
952
694
706
953
695
707
954
696
708
955
697
709
956
698
710
957
699
711
958
700
712
959
701
713
960
714
961
3483
703
715
962
3185
704
716
963
705
717
964
706
718
965
707
719
966
708
720
967
709
721
968
710
722
969
711
723
970
712
724
971
713
725
972
714
726
973
727
974
3484
716
728
975
3187
717
729
976
718
730
977
719
731
978
720
732
979
721
733
980
722
734
981
723
735
982
724
736
983
725
737
984
726
738
985
727
739
986
740
987
3485
729
741
988
3189
730
742
989
731
743
990
732
744
991
733
745
992
734
746
993
735
747
994
736
748
995
737
749
996
738
750
997
739
751
998
740
752
999
753
1000
3486
742
754
1001
3191
743
755
1002
744
756
1003
745
757
1004
746
758
1005
747
759
1006
748
760
1007
749
761
1008
750
762
1009
751
763
1010
752
764
1011
753
765
1012
766
1013
3487
755
767
1014
3193
756
768
1015
757
769
1016
758
770
1017
759
771
1018
760
772
1019
761
773
1020
762
774
1021
763
775
1022
764
776
1023
765
777
1024
766
778
1025
779
1026
3488
768
1027
3195
769
1028
770
1029
771
1030
772
1031
773
1032
774
1033
775
1034
776
1035
777
1036
778
1037
779
1038
1039
3489
4341
4342
4343
781
793
1040
2750
6327
782
794
1041
6328
783
795
1042
6329
784
796
1043
6330
785
797
1044
6331
786
798
1045
6332
787
799
1046
6333
788
800
1047
6334
789
801
1048
6335
790
802
1049
6336
791
803
1050
6337
792
804
1051
6338
805
1052
3490
6339
794
806
1053
2751
795
807
1054
796
808
1055
797
809
1056
798
810
1057
799
811
1058
800
812
1059
801
813
1060
802
814
1061
803
815
1062
804
816
1063
805
817
1064
818
1065
3491
807
819
1066
2752
808
820
1067
809
821
1068
810
822
1069
811
823
1070
812
824
1071
813
825
1072
814
826
1073
815
827
1074
816
828
1075
817
829
1076
818
830
1077
831
1078
3492
820
832
1079
2753
821
833
1080
822
834
1081
823
835
1082
824
836
1083
825
837
1084
826
838
1085
827
839
1086
828
840
1087
829
841
1088
830
842
1089
831
843
1090
844
1091
3493
833
845
1092
2754
834
846
1093
835
847
1094
836
848
1095
837
849
1096
838
850
1097
839
851
1098
840
852
1099
841
853
1100
842
854
1101
843
855
1102
844
856
1103
857
1104
3494
846
858
1105
2755
847
859
1106
848
860
1107
849
861
1108
850
862
1109
851
863
1110
852
864
1111
853
865
1112
854
866
1113
855
867
1114
856
868
1115
857
869
1116
870
1117
3495
859
871
1118
2756
860
872
1119
861
873
1120
862
874
1121
863
875
1122
864
876
1123
865
877
1124
866
878
1125
867
879
1126
868
880
1127
869
881
1128
870
882
1129
883
1130
3496
872
884
1131
2757
873
885
1132
874
886
1133
875
887
1134
876
888
1135
877
889
1136
878
890
1137
879
891
1138
880
892
1139
881
893
1140
882
894
1141
883
895
1142
896
1143
3497
885
897
1144
2758
886
898
1145
887
899
1146
888
900
1147
889
901
1148
890
902
1149
891
903
1150
892
904
1151
893
905
1152
894
906
1153
895
907
1154
896
908
1155
909
1156
3498
898
910
1157
2759
899
911
1158
900
912
1159
901
913
1160
902
914
1161
903
915
1162
904
916
1163
905
917
1164
906
918
1165
907
919
1166
908
920
1167
909
921
1168
922
1169
3499
911
923
1170
2760
912
924
1171
913
925
1172
914
926
1173
915
927
1174
916
928
1175
917
929
1176
918
930
1177
919
931
1178
920
932
1179
921
933
1180
922
934
1181
935
1182
3500
924
936
1183
3208
925
937
1184
926
938
1185
927
939
1186
928
940
1187
929
941
1188
930
942
1189
931
943
1190
932
944
1191
933
945
1192
934
946
1193
935
947
1194
948
1195
3501
937
949
1196
3210
938
950
1197
939
951
1198
940
952
1199
941
953
1200
942
954
1201
943
955
1202
944
956
1203
945
957
1204
946
958
1205
947
959
1206
948
960
1207
961
1208
3502
950
962
1209
3212
951
963
1210
952
964
1211
953
965
1212
954
966
1213
955
967
1214
956
968
1215
957
969
1216
958
970
1217
959
971
1218
960
972
1219
961
973
1220
974
1221
3503
963
975
1222
3214
964
976
1223
965
977
1224
966
978
1225
967
979
1226
968
980
1227
969
981
1228
970
982
1229
971
983
1230
972
984
1231
973
985
1232
974
986
1233
987
1234
3504
976
988
1235
3216
977
989
1236
978
990
1237
979
991
1238
980
992
1239
981
993
1240
982
994
1241
983
995
1242
984
996
1243
985
997
1244
986
998
1245
987
999
1246
1000
1247
3505
989
1001
1248
3218
990
1002
1249
991
1003
1250
992
1004
1251
993
1005
1252
994
1006
1253
995
1007
1254
996
1008
1255
997
1009
1256
998
1010
1257
999
1011
1258
1000
1012
1259
1013
1260
3506
1002
1014
1261
3220
1003
1015
1262
1004
1016
1263
1005
1017
1264
1006
1018
1265
1007
1019
1266
1008
1020
1267
1009
1021
1268
1010
1022
1269
1011
1023
1270
1012
1024
1271
1013
1025
1272
1026
1273
3507
1015
1027
1274
3222
1016
1028
1275
1017
1029
1276
1018
1030
1277
1019
1031
1278
1020
1032
1279
1021
1033
1280
1022
1034
1281
1023
1035
1282
1024
1036
1283
1025
1037
1284
1026
1038
1285
1039
1286
3508
1028
1287
3224
1029
1288
1030
1289
1031
1290
1032
1291
1033
1292
1034
1293
1035
1294
1036
1295
1037
1296
1038
1297
1039
1298
1299
3509
4348
4349
4350
1041
1053
1300
2761
6340
1042
1054
1301
6341
1043
1055
1302
6342
1044
1056
1303
6343
1045
1057
1304
6344
1046
1058
1305
6345
1047
1059
1306
6346
1048
1060
1307
6347
1049
1061
1308
6348
1050
1062
1309
6349
1051
1063
1310
6350
1052
1064
1311
6351
1065
1312
3510
6352
1054
1066
1313
2762
1055
1067
1314
1056
1068
1315
1057
1069
1316
1058
1070
1317
1059
1071
1318
1060
1072
1319
1061
1073
1320
1062
1074
1321
1063
1075
1322
1064
1076
1323
1065
1077
1324
1078
1325
3511
1067
1079
1326
2763
1068
1080
1327
1069
1081
1328
1070
1082
1329
1071
1083
1330
1072
1084
1331
1073
1085
1332
1074
1086
1333
1075
1087
1334
1076
1088
1335
1077
1089
1336
1078
1090
1337
1091
1338
3512
1080
1092
1339
2764
1081
1093
1340
1082
1094
1341
1083
1095
1342
1084
1096
1343
1085
1097
1344
1086
1098
1345
1087
1099
1346
1088
1100
1347
1089
1101
1348
1090
1102
1349
1091
1103
1350
1104
1351
3513
1093
1105
1352
2765
1094
1106
1353
1095
1107
1354
1096
1108
1355
1097
1109
1356
1098
1110
1357
1099
1111
1358
1100
1112
1359
1101
1113
1360
1102
1114
1361
1103
1115
1362
1104
1116
1363
1117
1364
3514
1106
1118
1365
2766
1107
1119
1366
1108
1120
1367
1109
1121
1368
1110
1122
1369
1111
1123
1370
1112
1124
1371
1113
1125
1372
1114
1126
1373
1115
1127
1374
1116
1128
1375
1117
1129
1376
1130
1377
3515
1119
1131
1378
2767
1120
1132
1379
1121
1133
1380
1122
1134
1381
1123
1135
1382
1124
1136
1383
1125
1137
1384
1126
1138
1385
1127
1139
1386
1128
1140
1387
1129
1141
1388
1130
1142
1389
1143
1390
3516
1132
1144
1391
2768
1133
1145
1392
1134
1146
1393
1135
1147
1394
1136
1148
1395
1137
1149
1396
1138
1150
1397
1139
1151
1398
1140
1152
1399
1141
1153
1400
1142
1154
1401
1143
1155
1402
1156
1403
3517
1145
1157
1404
2769
1146
1158
1405
1147
1159
1406
1148
1160
1407
1149
1161
1408
1150
1162
1409
1151
1163
1410
1152
1164
1411
1153
1165
1412
1154
1166
1413
1155
1167
1414
1156
1168
1415
1169
1416
3518
1158
1170
1417
2770
1159
1171
1418
1160
1172
1419
1161
1173
1420
1162
1174
1421
1163
1175
1422
1164
1176
1423
1165
1177
1424
1166
1178
1425
1167
1179
1426
1168
1180
1427
1169
1181
1428
1182
1429
3519
1171
1183
1430
2771
1172
1184
1431
1173
1185
1432
1174
1186
1433
1175
1187
1434
1176
1188
1435
1177
1189
1436
1178
1190
1437
1179
1191
1438
1180
1192
1439
1181
1193
1440
1182
1194
1441
1195
1442
3520
1184
1196
1443
2772
1185
1197
1444
1186
1198
1445
1187
1199
1446
1188
1200
1447
1189
1201
1448
1190
1202
1449
1191
1203
1450
1192
1204
1451
1193
1205
1452
1194
1206
1453
1195
1207
1454
1208
1455
3521
1197
1209
1456
3238
1198
1210
1457
1199
1211
1458
1200
1212
1459
1201
1213
1460
1202
1214
1461
1203
1215
1462
1204
1216
1463
1205
1217
1464
1206
1218
1465
1207
1219
1466
1208
1220
1467
1221
1468
3522
1210
1222
1469
3240
1211
1223
1470
1212
1224
1471
1213
1225
1472
1214
1226
1473
1215
1227
1474
1216
1228
1475
1217
1229
1476
1218
1230
1477
1219
1231
1478
1220
1232
1479
1221
1233
1480
1234
1481
3523
1223
1235
1482
3242
1224
1236
1483
1225
1237
1484
1226
1238
1485
1227
1239
1486
1228
1240
1487
1229
1241
1488
1230
1242
1489
1231
1243
1490
1232
1244
1491
1233
1245
1492
1234
1246
1493
1247
1494
3524
1236
1248
1495
3244
1237
1249
1496
1238
1250
1497
1239
1251
1498
1240
1252
1499
1241
1253
1500
1242
1254
1501
1243
1255
1502
1244
1256
1503
1245
1257
1504
1246
1258
1505
1247
1259
1506
1260
1507
3525
1249
1261
1508
3246
1250
1262
1509
1251
1263
1510
1252
1264
1511
1253
1265
1512
1254
1266
1513
1255
1267
1514
1256
1268
1515
1257
1269
1516
1258
1270
1517
1259
1271
1518
1260
1272
1519
1273
1520
3526
1262
1274
1521
3248
1263
1275
1522
1264
1276
1523
1265
1277
1524
1266
1278
1525
1267
1279
1526
1268
1280
1527
1269
1281
1528
1270
1282
1529
1271
1283
1530
1272
1284
1531
1273
1285
1532
1286
1533
3527
1275
1287
1534
3250
1276
1288
1535
1277
1289
1536
1278
1290
1537
1279
1291
1538
1280
1292
1539
1281
1293
1540
1282
1294
1541
1283
1295
1542
1284
1296
1543
1285
1297
1544
1286
1298
1545
1299
1546
3528
1288
1547
3252
1289
1548
1290
1549
1291
1550
1292
1551
1293
1552
1294
1553
1295
1554
1296
1555
1297
1556
1298
1557
1299
1558
1559
3529
4355
4356
4357
1301
1313
1560
2773
6353
1302
1314
1561
6354
1303
1315
1562
6355
1304
1316
1563
6356
1305
1317
1564
6357
1306
1318
1565
6358
1307
1319
1566
6359
1308
1320
1567
6360
1309
1321
1568
6361
1310
1322
1569
6362
1311
1323
1570
6363
1312
1324
1571
6364
1325
1572
3530
6365
1314
1326
1573
2774
1315
1327
1574
1316
1328
1575
1317
1329
1576
1318
1330
1577
1319
1331
1578
1320
1332
1579
1321
1333
1580
1322
1334
1581
1323
1335
1582
1324
1336
1583
1325
1337
1584
1338
1585
3531
1327
1339
1586
2775
1328
1340
1587
1329
1341
1588
1330
1342
1589
1331
1343
1590
1332
1344
1591
1333
1345
1592
1334
1346
1593
1335
1347
1594
1336
1348
1595
1337
1349
1596
1338
1350
1597
1351
1598
3532
1340
1352
1599
2776
1341
1353
1600
1342
1354
1601
1343
1355
1602
1344
1356
1603
1345
1357
1604
1346
1358
1605
1347
1359
1606
1348
1360
1607
1349
1361
1608
1350
1362
1609
1351
1363
1610
1364
1611
3533
1353
1365
1612
2777
1354
1366
1613
1355
1367
1614
1356
1368
1615
1357
1369
1616
1358
1370
1617
1359
1371
1618
1360
1372
1619
1361
1373
1620
1362
1374
1621
1363
1375
1622
1364
1376
1623
1377
1624
3534
1366
1378
1625
2778
1367
1379
1626
1368
1380
1627
1369
1381
1628
1370
1382
1629
1371
1383
1630
1372
1384
1631
1373
1385
1632
1374
1386
1633
1375
1387
1634
1376
1388
1635
1377
1389
1636
1390
1637
3535
1379
1391
1638
2779
1380
1392
1639
1381
1393
1640
1382
1394
1641
1383
1395
1642
1384
1396
1643
1385
1397
1644
1386
1398
1645
1387
1399
1646
1388
1400
1647
1389
1401
1648
1390
1402
1649
1403
1650
3536
1392
1404
1651
2780
1393
1405
1652
1394
1406
1653
1395
1407
1654
1396
1408
1655
1397
1409
1656
1398
1410
1657
1399
1411
1658
1400
1412
1659
1401
1413
1660
1402
1414
1661
1403
1415
1662
1416
1663
3537
1405
1417
1664
2781
1406
1418
1665
1407
1419
1666
1408
1420
1667
1409
1421
1668
1410
1422
1669
1411
1423
1670
1412
1424
1671
1413
1425
1672
1414
1426
1673
1415
1427
1674
1416
1428
1675
1429
1676
3538
1418
1430
1677
2782
1419
1431
1678
1420
1432
1679
1421
1433
1680
1422
1434
1681
1423
1435
1682
1424
1436
1683
1425
1437
1684
1426
1438
1685
1427
1439
1686
1428
1440
1687
1429
1441
1688
1442
1689
3539
1431
1443
1690
2783
1432
1444
1691
1433
1445
1692
1434
1446
1693
1435
1447
1694
1436
1448
1695
1437
1449
1696
1438
1450
1697
1439
1451
1698
1440
1452
1699
1441
1453
1700
1442
1454
1701
1455
1702
3540
1444
1456
1703
2784
1445
1457
1704
1446
1458
1705
1447
1459
1706
1448
1460
1707
1449
1461
1708
1450
1462
1709
1451
1463
1710
1452
1464
1711
1453
1465
1712
1454
1466
1713
1455
1467
1714
1468
1715
3541
1457
1469
1716
2785
1458
1470
1717
1459
1471
1718
1460
1472
1719
1461
1473
1720
1462
1474
1721
1463
1475
1722
1464
1476
1723
1465
1477
1724
1466
1478
1725
1467
1479
1726
1468
1480
1727
1481
1728
3542
1470
1482
1729
3267
1471
1483
1730
1472
1484
1731
1473
1485
1732
1474
1486
1733
1475
1487
1734
1476
1488
1735
1477
1489
1736
1478
1490
1737
1479
1491
1738
1480
1492
1739
1481
1493
1740
1494
1741
3543
1483
1495
1742
3269
1484
1496
1743
1485
1497
1744
1486
1498
1745
1487
1499
1746
1488
1500
1747
1489
1501
1748
1490
1502
1749
1491
1503
1750
1492
1504
1751
1493
1505
1752
1494
1506
1753
1507
1754
3544
1496
1508
1755
3271
1497
1509
1756
1498
1510
1757
1499
1511
1758
1500
1512
1759
1501
1513
1760
1502
1514
1761
1503
1515
1762
1504
1516
1763
1505
1517
1764
1506
1518
1765
1507
1519
1766
1520
1767
3545
1509
1521
1768
3273
1510
1522
1769
1511
1523
1770
1512
1524
1771
1513
1525
1772
1514
1526
1773
1515
1527
1774
1516
1528
1775
1517
1529
1776
1518
1530
1777
1519
1531
1778
1520
1532
1779
1533
1780
3546
1522
1534
1781
3275
1523
1535
1782
1524
1536
1783
1525
1537
1784
1526
1538
1785
1527
1539
1786
1528
1540
1787
1529
1541
1788
1530
1542
1789
1531
1543
1790
1532
1544
1791
1533
1545
1792
1546
1793
3547
1535
1547
1794
3277
1536
1548
1795
1537
1549
1796
1538
1550
1797
1539
1551
1798
1540
1552
1799
1541
1553
1800
1542
1554
1801
1543
1555
1802
1544
1556
1803
1545
1557
1804
1546
1558
1805
1559
1806
3548
1548
1807
3279
1549
1808
1550
1809
1551
1810
1552
1811
1553
1812
1554
1813
1555
1814
1556
1815
1557
1816
1558
1817
1559
1818
1819
3549
4362
4363
4364
1561
1573
1820
2786
6366
1562
1574
1821
6367
1563
1575
1822
6368
1564
1576
1823
6369
1565
1577
1824
6370
1566
1578
1825
6371
1567
1579
1826
6372
1568
1580
1827
6373
1569
1581
1828
6374
1570
1582
1829
6375
1571
1583
1830
6376
1572
1584
1831
6377
1585
1832
3550
6378
1574
1586
1833
2787
1575
1587
1834
1576
1588
1835
1577
1589
1836
1578
1590
1837
1579
1591
1838
1580
1592
1839
1581
1593
1840
1582
1594
1841
1583
1595
1842
1584
1596
1843
1585
1597
1844
1598
1845
3551
1587
1599
1846
2788
1588
1600
1847
1589
1601
1848
1590
1602
1849
1591
1603
1850
1592
1604
1851
1593
1605
1852
1594
1606
1853
1595
1607
1854
1596
1608
1855
1597
1609
1856
1598
1610
1857
1611
1858
3552
1600
1612
1859
2789
1601
1613
1860
1602
1614
1861
1603
1615
1862
1604
1616
1863
1605
1617
1864
1606
1618
1865
1607
1619
1866
1608
1620
1867
1609
1621
1868
1610
1622
1869
1611
1623
1870
1624
1871
3553
1613
1625
1872
2790
1614
1626
1873
1615
1627
1874
1616
1628
1875
1617
1629
1876
1618
1630
1877
1619
1631
1878
1620
1632
1879
1621
1633
1880
1622
1634
1881
1623
1635
1882
1624
1636
1883
1637
1884
3554
1626
1638
1885
2791
1627
1639
1886
1628
1640
1887
1629
1641
1888
1630
1642
1889
1631
1643
1890
1632
1644
1891
1633
1645
1892
1634
1646
1893
1635
1647
1894
1636
1648
1895
1637
1649
1896
1650
1897
3555
1639
1651
1898
2792
1640
1652
1899
1641
1653
1900
1642
1654
1901
1643
1655
1902
1644
1656
1903
1645
1657
1904
1646
1658
1905
1647
1659
1906
1648
1660
1907
1649
1661
1908
1650
1662
1909
1663
1910
3556
1652
1664
1911
2793
1653
1665
1912
1654
1666
1913
1655
1667
1914
1656
1668
1915
1657
1669
1916
1658
1670
1917
1659
1671
1918
1660
1672
1919
1661
1673
1920
1662
1674
1921
1663
1675
1922
1676
1923
3557
1665
1677
1924
2794
1666
1678
1925
1667
1679
1926
1668
1680
1927
1669
1681
1928
1670
1682
1929
1671
1683
1930
1672
1684
1931
1673
1685
1932
1674
1686
1933
1675
1687
1934
1676
1688
1935
1689
1936
3558
1678
1690
1937
2795
1679
1691
1938
1680
1692
1939
1681
1693
1940
1682
1694
1941
1683
1695
1942
1684
1696
1943
1685
1697
1944
1686
1698
1945
1687
1699
1946
1688
1700
1947
1689
1701
1948
1702
1949
3559
1691
1703
1950
2796
1692
1704
1951
1693
1705
1952
1694
1706
1953
1695
1707
1954
1696
1708
1955
1697
1709
1956
1698
1710
1957
1699
1711
1958
1700
1712
1959
1701
1713
1960
1702
1714
1961
1715
1962
3560
1704
1716
1963
2797
1705
1717
1964
1706
1718
1965
1707
1719
1966
1708
1720
1967
1709
1721
1968
1710
1722
1969
1711
1723
1970
1712
1724
1971
1713
1725
1972
1714
1726
1973
1715
1727
1974
1728
1975
3561
1717
1729
1976
2798
1718
1730
1977
1719
1731
1978
1720
1732
1979
1721
1733
1980
1722
1734
1981
1723
1735
1982
1724
1736
1983
1725
1737
1984
1726
1738
1985
1727
1739
1986
1728
1740
1987
1741
1988
3562
1730
1742
1989
2799
1731
1743
1990
1732
1744
1991
1733
1745
1992
1734
1746
1993
1735
1747
1994
1736
1748
1995
1737
1749
1996
1738
1750
1997
1739
1751
1998
1740
1752
1999
1741
1753
2000
1754
2001
3563
1743
1755
2002
3295
1744
1756
2003
1745
1757
2004
1746
1758
2005
1747
1759
2006
1748
1760
2007
1749
1761
2008
1750
1762
2009
1751
1763
2010
1752
1764
2011
1753
1765
2012
1754
1766
2013
1767
2014
3564
1756
1768
2015
3297
1757
1769
2016
1758
1770
2017
1759
1771
2018
1760
1772
2019
1761
1773
2020
1762
1774
2021
1763
1775
2022
1764
1776
2023
1765
1777
2024
1766
1778
2025
1767
1779
2026
1780
2027
3565
1769
1781
2028
3299
1770
1782
2029
1771
1783
2030
1772
1784
2031
1773
1785
2032
1774
1786
2033
1775
1787
2034
1776
1788
2035
1777
1789
2036
1778
1790
2037
1779
1791
2038
1780
1792
2039
1793
2040
3566
1782
1794
2041
3301
1783
1795
2042
1784
1796
2043
1785
1797
2044
1786
1798
2045
1787
1799
2046
1788
1800
2047
1789
1801
2048
1790
1802
2049
1791
1803
2050
1792
1804
2051
1793
1805
2052
1806
2053
3567
1795
1807
2054
3303
1796
1808
2055
1797
1809
2056
1798
1810
2057
1799
1811
2058
1800
1812
2059
1801
1813
2060
1802
1814
2061
1803
1815
2062
1804
1816
2063
1805
1817
2064
1806
1818
2065
1819
2066
3568
1808
2067
3305
1809
2068
1810
2069
1811
2070
1812
2071
1813
2072
1814
2073
1815
2074
1816
2075
1817
2076
1818
2077
1819
2078
2079
3569
4369
4370
4371
1821
1833
2080
2800
6379
1822
1834
2081
6380
1823
1835
2082
6381
1824
1836
2083
6382
1825
1837
2084
6383
1826
1838
2085
6384
1827
1839
2086
6385
1828
1840
2087
6386
1829
1841
2088
6387
1830
1842
2089
6388
1831
1843
2090
6389
1832
1844
2091
6390
1845
2092
3570
6391
1834
1846
2093
2801
1835
1847
2094
1836
1848
2095
1837
1849
2096
1838
1850
2097
1839
1851
2098
1840
1852
2099
1841
1853
2100
1842
1854
2101
1843
1855
2102
1844
1856
2103
1845
1857
2104
1858
2105
3571
1847
1859
2106
2802
1848
1860
2107
1849
1861
2108
1850
1862
2109
1851
1863
2110
1852
1864
2111
1853
1865
2112
1854
1866
2113
1855
1867
2114
1856
1868
2115
1857
1869
2116
1858
1870
2117
1871
2118
3572
1860
1872
2119
2803
1861
1873
2120
1862
1874
2121
1863
1875
2122
1864
1876
2123
1865
1877
2124
1866
1878
2125
1867
1879
2126
1868
1880
2127
1869
1881
2128
1870
1882
2129
1871
1883
2130
1884
2131
3573
1873
1885
2132
2804
1874
1886
2133
1875
1887
2134
1876
1888
2135
1877
1889
2136
1878
1890
2137
1879
1891
2138
1880
1892
2139
1881
1893
2140
1882
1894
2141
1883
1895
2142
1884
1896
2143
1897
2144
3574
1886
1898
2145
2805
1887
1899
2146
1888
1900
2147
1889
1901
2148
1890
1902
2149
1891
1903
2150
1892
1904
2151
1893
1905
2152
1894
1906
2153
1895
1907
2154
1896
1908
2155
1897
1909
2156
1910
2157
3575
1899
1911
2158
2806
1900
1912
2159
1901
1913
2160
1902
1914
2161
1903
1915
2162
1904
1916
2163
1905
1917
2164
1906
1918
2165
1907
1919
2166
1908
1920
2167
1909
1921
2168
1910
1922
2169
1923
2170
3576
1912
1924
2171
2807
1913
1925
2172
1914
1926
2173
1915
1927
2174
1916
1928
2175
1917
1929
2176
1918
1930
2177
1919
1931
2178
1920
1932
2179
1921
1933
2180
1922
1934
2181
1923
1935
2182
1936
2183
3577
1925
1937
2184
2808
1926
1938
2185
1927
1939
2186
1928
1940
2187
1929
1941
2188
1930
1942
2189
1931
1943
2190
1932
1944
2191
1933
1945
2192
1934
1946
2193
1935
1947
2194
1936
1948
2195
1949
2196
3578
1938
1950
2197
2809
1939
1951
2198
1940
1952
2199
1941
1953
2200
1942
1954
2201
1943
1955
2202
1944
1956
2203
1945
1957
2204
1946
1958
2205
1947
1959
2206
1948
1960
2207
1949
1961
2208
1962
2209
3579
1951
1963
2210
2810
1952
1964
2211
1953
1965
2212
1954
1966
2213
1955
1967
2214
1956
1968
2215
1957
1969
2216
1958
1970
2217
1959
1971
2218
1960
1972
2219
1961
1973
2220
1962
1974
2221
1975
2222
3580
1964
1976
2223
2811
1965
1977
2224
1966
1978
2225
1967
1979
2226
1968
1980
2227
1969
1981
2228
1970
1982
2229
1971
1983
2230
1972
1984
2231
1973
1985
2232
1974
1986
2233
1975
1987
2234
1988
2235
3581
1977
1989
2236
2812
1978
1990
2237
1979
1991
2238
1980
1992
2239
1981
1993
2240
1982
1994
2241
1983
1995
2242
1984
1996
2243
1985
1997
2244
1986
1998
2245
1987
1999
2246
1988
2000
2247
2001
2248
3582
1990
2002
2249
2813
1991
2003
2250
1992
2004
2251
1993
2005
2252
1994
2006
2253
1995
2007
2254
1996
2008
2255
1997
2009
2256
1998
2010
2257
1999
2011
2258
2000
2012
2259
2001
2013
2260
2014
2261
3583
2003
2015
2262
2814
2004
2016
2263
2005
2017
2264
2006
2018
2265
2007
2019
2266
2008
2020
2267
2009
2021
2268
2010
2022
2269
2011
2023
2270
2012
2024
2271
2013
2025
2272
2014
2026
2273
2027
2274
3584
2016
2028
2275
3322
2017
2029
2276
2018
2030
2277
2019
2031
2278
2020
2032
2279
2021
2033
2280
2022
2034
2281
2023
2035
2282
2024
2036
2283
2025
2037
2284
2026
2038
2285
2027
2039
2286
2040
2287
3585
2029
2041
2288
3324
2030
2042
2289
2031
2043
2290
2032
2044
2291
2033
2045
2292
2034
2046
2293
2035
2047
2294
2036
2048
2295
2037
2049
2296
2038
2050
2297
2039
2051
2298
2040
2052
2299
2053
2300
3586
2042
2054
2301
3326
2043
2055
2302
2044
2056
2303
2045
2057
2304
2046
2058
2305
2047
2059
2306
2048
2060
2307
2049
2061
2308
2050
2062
2309
2051
2063
2310
2052
2064
2311
2053
2065
2312
2066
2313
3587
2055
2067
2314
3328
2056
2068
2315
2057
2069
2316
2058
2070
2317
2059
2071
2318
2060
2072
2319
2061
2073
2320
2062
2074
2321
2063
2075
2322
2064
2076
2323
2065
2077
2324
2066
2078
2325
2079
2326
3588
2068
3330
3799
3800
3801
3802
2069
2328
3805
3806
3807
2070
2329
3812
3813
3814
2071
2330
3819
3820
3821
2072
2331
3826
3827
3828
2073
2332
3833
3834
3835
2074
2333
3840
3841
3842
2075
2334
3847
3848
3849
2076
2335
3854
3855
3856
2077
2336
3861
3862
3863
2078
2337
3868
3869
3870
2079
2338
3875
3876
3877
3589
3883
3884
3885
3886
4376
4377
4378
2081
2093
2340
2815
6392
2082
2094
2341
6393
2083
2095
2342
6394
2084
2096
2343
6395
2085
2097
2344
6396
2086
2098
2345
6397
2087
2099
2346
6398
2088
2100
2347
6399
2089
2101
2348
6400
2090
2102
2349
6401
2091
2103
2350
6402
2092
2104
2351
6403
2105
2352
3590
6404
2094
2106
2353
2816
2095
2107
2354
2096
2108
2355
2097
2109
2356
2098
2110
2357
2099
2111
2358
2100
2112
2359
2101
2113
2360
2102
2114
2361
2103
2115
2362
2104
2116
2363
2105
2117
2364
2118
2365
3591
2107
2119
2366
2817
2108
2120
2367
2109
2121
2368
2110
2122
2369
2111
2123
2370
2112
2124
2371
2113
2125
2372
2114
2126
2373
2115
2127
2374
2116
2128
2375
2117
2129
2376
2118
2130
2377
2131
2378
3592
2120
2132
2379
2818
2121
2133
2380
2122
2134
2381
2123
2135
2382
2124
2136
2383
2125
2137
2384
2126
2138
2385
2127
2139
2386
2128
2140
2387
2129
2141
2388
2130
2142
2389
2131
2143
2390
2144
2391
3593
2133
2145
2392
2819
2134
2146
2393
2135
2147
2394
2136
2148
2395
2137
2149
2396
2138
2150
2397
2139
2151
2398
2140
2152
2399
2141
2153
2400
2142
2154
2401
2143
2155
2402
2144
2156
2403
2157
2404
3594
2146
2158
2405
2820
2147
2159
2406
2148
2160
2407
2149
2161
2408
2150
2162
2409
2151
2163
2410
2152
2164
2411
2153
2165
2412
2154
2166
2413
2155
2167
2414
2156
2168
2415
2157
2169
2416
2170
2417
3595
2159
2171
2418
2821
2160
2172
2419
2161
2173
2420
2162
2174
2421
2163
2175
2422
2164
2176
2423
2165
2177
2424
2166
2178
2425
2167
2179
2426
2168
2180
2427
2169
2181
2428
2170
2182
2429
2183
2430
3596
2172
2184
2431
2822
2173
2185
2432
2174
2186
2433
2175
2187
2434
2176
2188
2435
2177
2189
2436
2178
2190
2437
2179
2191
2438
2180
2192
2439
2181
2193
2440
2182
2194
2441
2183
2195
2442
2196
2443
3597
2185
2197
2444
2823
2186
2198
2445
2187
2199
2446
2188
2200
2447
2189
2201
2448
2190
2202
2449
2191
2203
2450
2192
2204
2451
2193
2205
2452
2194
2206
2453
2195
2207
2454
2196
2208
2455
2209
2456
3598
2198
2210
2457
2824
2199
2211
2458
2200
2212
2459
2201
2213
2460
2202
2214
2461
2203
2215
2462
2204
2216
2463
2205
2217
2464
2206
2218
2465
2207
2219
2466
2208
2220
2467
2209
2221
2468
2222
2469
3599
2211
2223
2470
2825
2212
2224
2471
2213
2225
2472
2214
2226
2473
2215
2227
2474
2216
2228
2475
2217
2229
2476
2218
2230
2477
2219
2231
2478
2220
2232
2479
2221
2233
2480
2222
2234
2481
2235
2482
3600
2224
2236
2483
2826
2225
2237
2484
2226
2238
2485
2227
2239
2486
2228
2240
2487
2229
2241
2488
2230
2242
2489
2231
2243
2490
2232
2244
2491
2233
2245
2492
2234
2246
2493
2235
2247
2494
2248
2495
3601
2237
2249
2496
2827
2238
2250
2497
2239
2251
2498
2240
2252
2499
2241
2253
2500
2242
2254
2501
2243
2255
2502
2244
2256
2503
2245
2257
2504
2246
2258
2505
2247
2259
2506
2248
2260
2507
2261
2508
3602
2250
2262
2509
2828
2251
2263
2510
2252
2264
2511
2253
2265
2512
2254
2266
2513
2255
2267
2514
2256
2268
2515
2257
2269
2516
2258
2270
2517
2259
2271
2518
2260
2272
2519
2261
2273
2520
2274
2521
3603
2263
2275
2522
2829
2264
2276
2523
2265
2277
2524
2266
2278
2525
2267
2279
2526
2268
2280
2527
2269
2281
2528
2270
2282
2529
2271
2283
2530
2272
2284
2531
2273
2285
2532
2274
2286
2533
2287
2534
3604
2276
2288
2535
2830
2277
2289
2536
2278
2290
2537
2279
2291
2538
2280
2292
2539
2281
2293
2540
2282
2294
2541
2283
2295
2542
2284
2296
2543
2285
2297
2544
2286
2298
2545
2287
2299
2546
2300
2547
3605
2289
2301
2548
3348
2290
2302
2549
2291
2303
2550
2292
2304
2551
2293
2305
2552
2294
2306
2553
2295
2307
2554
2296
2308
2555
2297
2309
2556
2298
2310
2557
2299
2311
2558
2300
2312
2559
2313
2560
3606
2302
2314
2561
3350
2303
2315
2562
2304
2316
2563
2305
2317
2564
2306
2318
2565
2307
2319
2566
2308
2320
2567
2309
2321
2568
2310
2322
2569
2311
2323
2570
2312
2324
2571
2313
2325
2572
2326
2573
3607
2315
2327
2574
3352
3799
3801
3803
2316
2328
2575
3805
3808
3809
2317
2329
2576
3812
3815
3816
2318
2330
2577
3819
3822
3823
2319
2331
2578
3826
3829
3830
2320
2332
2579
3833
3836
3837
2321
2333
2580
3840
3843
3844
2322
2334
2581
3847
3850
3851
2323
2335
2582
3854
3857
3858
2324
2336
2583
3861
3864
3865
2325
2337
2584
3868
3871
3872
2326
2338
2585
3875
3878
3879
2339
2586
3608
3883
3885
3887
2587
3354
3798
3799
3803
3801
3805
3806
3808
3805
3812
3813
3815
3812
3819
3820
3822
3819
3826
3827
3829
3826
3833
3834
3836
3833
3840
3841
3843
3840
3847
3848
3850
3847
3854
3855
3857
3854
3861
3862
3864
3861
3868
3869
3871
3868
3875
3876
3878
3633
3882
3883
3887
4384
2341
2353
2831
6405
2342
2354
6406
2343
2355
6407
2344
2356
6408
2345
2357
6409
2346
2358
6410
2347
2359
6411
2348
2360
6412
2349
2361
6413
2350
2362
6414
2351
2363
6415
2352
2364
6416
2365
3610
6417
2354
2366
2832
2355
2367
2356
2368
2357
2369
2358
2370
2359
2371
2360
2372
2361
2373
2362
2374
2363
2375
2364
2376
2365
2377
2378
3611
2367
2379
2833
2368
2380
2369
2381
2370
2382
2371
2383
2372
2384
2373
2385
2374
2386
2375
2387
2376
2388
2377
2389
2378
2390
2391
3612
2380
2392
2834
2381
2393
2382
2394
2383
2395
2384
2396
2385
2397
2386
2398
2387
2399
2388
2400
2389
2401
2390
2402
2391
2403
2404
3613
2393
2405
2835
2394
2406
2395
2407
2396
2408
2397
2409
2398
2410
2399
2411
2400
2412
2401
2413
2402
2414
2403
2415
2404
2416
2417
3614
2406
2418
2836
2407
2419
2408
2420
2409
2421
2410
2422
2411
2423
2412
2424
2413
2425
2414
2426
2415
2427
2416
2428
2417
2429
2430
3615
2419
2431
2837
2420
2432
2421
2433
2422
2434
2423
2435
2424
2436
2425
2437
2426
2438
2427
2439
2428
2440
2429
2441
2430
2442
2443
3616
2432
2444
2838
2433
2445
2434
2446
2435
2447
2436
2448
2437
2449
2438
2450
2439
2451
2440
2452
2441
2453
2442
2454
2443
2455
2456
3617
2445
2457
2839
2446
2458
2447
2459
2448
2460
2449
2461
2450
2462
2451
2463
2452
2464
2453
2465
2454
2466
2455
2467
2456
2468
2469
3618
2458
2470
2840
2459
2471
2460
2472
2461
2473
2462
2474
2463
2475
2464
2476
2465
2477
2466
2478
2467
2479
2468
2480
2469
2481
2482
3619
2471
2483
2841
2472
2484
2473
2485
2474
2486
2475
2487
2476
2488
2477
2489
2478
2490
2479
2491
2480
2492
2481
2493
2482
2494
2495
3620
2484
2496
2842
2485
2497
2486
2498
2487
2499
2488
2500
2489
2501
2490
2502
2491
2503
2492
2504
2493
2505
2494
2506
2495
2507
2508
3621
2497
2509
2843
2498
2510
2499
2511
2500
2512
2501
2513
2502
2514
2503
2515
2504
2516
2505
2517
2506
2518
2507
2519
2508
2520
2521
3622
2510
2522
2844
2511
2523
2512
2524
2513
2525
2514
2526
2515
2527
2516
2528
2517
2529
2518
2530
2519
2531
2520
2532
2521
2533
2534
3623
2523
2535
2845
2524
2536
2525
2537
2526
2538
2527
2539
2528
2540
2529
2541
2530
2542
2531
2543
2532
2544
2533
2545
2534
2546
2547
3624
2536
2548
2846
2537
2549
2538
2550
2539
2551
2540
2552
2541
2553
2542
2554
2543
2555
2544
2556
2545
2557
2546
2558
2547
2559
2560
3625
2549
2561
2847
2550
2562
2551
2563
2552
2564
2553
2565
2554
2566
2555
2567
2556
2568
2557
2569
2558
2570
2559
2571
2560
2572
2573
3626
2562
2574
2848
2563
2575
2564
2576
2565
2577
2566
2578
2567
2579
2568
2580
2569
2581
2570
2582
2571
2583
2572
2584
2573
2585
2586
3627
2575
2587
2600
2603
2604
3374
2576
2588
2605
2608
2609
2577
2589
2610
2613
2614
2578
2590
2615
2618
2619
2579
2591
2620
2623
2624
2580
2592
2642
2645
2646
2581
2593
2647
2650
2651
2582
2594
2652
2655
2656
2583
2595
2657
2660
2661
2584
2596
2625
2628
2629
2585
2597
2630
2633
2634
2586
2598
2635
2638
2639
2599
2641
3628
3633
3635
2600
2601
2603
2849
3890
3892
3894
2600
2605
2608
3808
3903
3904
3907
3908
2605
2610
2613
3815
3917
3918
3921
3922
2610
2615
2618
3822
3931
3932
3935
3936
2615
2620
2623
3829
3945
3946
3949
3950
2620
2642
2645
3836
4012
4014
4015
4017
2642
2647
2650
3843
4026
4027
4030
4031
2647
2652
2655
3850
4040
4041
4044
4045
2652
2657
2660
3857
4054
4055
4058
4059
2625
2628
2657
3864
3963
3964
3967
3968
2625
2630
2633
3871
3977
3978
3981
3982
2630
2635
2638
3878
3991
3992
3995
3996
2635
2640
2641
3633
3887
4006
4009
4011
2604
3803
3896
3897
3900
3901
3798
3889
3890
3894
4184
2606
3804
3897
3898
3899
2604
2662
2663
2664
2665
2851
2608
2666
2667
2668
2669
2609
3809
3910
3911
3914
3915
3810
3904
3905
3906
2611
3811
3911
3912
3913
2609
2670
2671
2672
2673
2613
2674
2675
2676
2677
2614
3816
3924
3925
3928
3929
3817
3918
3919
3920
2616
3818
3925
3926
3927
2614
2963
2964
2965
2966
2618
2678
2679
2680
2681
2619
3823
3938
3939
3942
3943
3824
3932
3933
3934
2621
3825
3939
3940
3941
2619
2682
2683
2684
2685
2623
2686
2687
2688
2689
2624
3830
3952
3953
3956
3957
3831
3946
3947
3948
2643
3832
3953
3954
3955
2624
2690
2692
2693
2694
2645
2695
2696
2697
2698
2629
3865
3970
3971
3974
3975
2659
3866
3964
3965
3966
2631
3867
3971
3972
3973
2629
2661
2979
2980
2981
2982
2633
2699
2700
2701
2702
2634
3872
3984
3985
3988
3989
3873
3978
3979
3980
2636
3874
3985
3986
3987
2634
2703
2704
2705
2706
2638
2707
2708
2709
2710
2639
3879
3998
3999
4002
4003
3880
3992
3993
3994
3881
3999
4000
4001
4008
2639
2711
2712
2713
2714
2641
2715
2716
2717
2718
3888
4005
4006
4009
4397
2719
2720
2721
2722
3635
2646
3837
4019
4020
4023
4024
3838
4012
4013
4016
2648
3839
4020
4021
4022
2646
3007
3008
3009
3010
2650
3011
3012
3013
3014
2651
3844
4033
4034
4037
4038
3845
4027
4028
4029
2653
3846
4034
4035
4036
2651
3015
3016
3017
3018
2655
3019
3020
3021
3022
2656
3851
4047
4048
4051
4052
3852
4041
4042
4043
2658
3853
4048
4049
4050
2656
3023
3024
3025
3026
2660
3027
3028
3029
3030
2661
3858
4061
4063
4064
4066
3859
4055
4056
4057
3860
4061
4062
4065
2661
3031
3032
3033
3034
3035
3036
3037
3038
2664
2665
2666
3892
4072
4073
4074
4075
2664
2665
2853
2947
2948
2949
2950
2669
3039
3040
3041
3042
2855
3890
4068
4069
4070
4071
2668
2669
3896
4080
4081
4082
4083
2668
2669
2671
2951
2952
2953
2954
2672
3901
4076
4077
4078
4079
3043
3044
3045
3046
2672
2673
2674
3903
4088
4089
4090
4091
2672
2673
2955
2956
2957
2958
3908
4084
4085
4086
4087
2677
3047
3048
3049
3050
2676
2677
3910
4096
4097
4098
4099
2676
2677
2959
2960
2961
2962
2964
2965
3915
4092
4093
4094
4095
3682
3683
3684
3685
2680
2681
2963
3924
4104
4105
4106
4107
2680
2681
2683
2967
2968
2969
2970
2684
3929
4100
4101
4102
4103
2966
3051
3052
3053
3054
2684
2685
2686
3931
4112
4113
4114
4115
2684
2685
2971
2972
2973
2974
3936
4108
4109
4110
4111
2689
3055
3056
3057
3058
2688
2689
3938
4120
4121
4122
4123
2688
2689
2692
3654
3655
3656
3657
2693
3943
4116
4117
4118
4119
3059
3060
3061
3062
2693
2694
2695
3945
4124
4125
4126
4127
2693
3948
3959
3961
4117
4119
4124
4126
2693
2694
3959
3960
3961
3962
3950
2698
3063
3064
3065
3066
2697
2698
3952
4132
4133
4134
4135
2697
2698
2975
2976
2977
2978
3007
3008
3957
4128
4129
4130
4131
3067
3068
3069
3070
2701
2702
2979
3970
4140
4141
4142
4143
2701
2702
2704
2983
2984
2985
2986
2705
3975
4136
4137
4138
4139
2982
3071
3072
3073
3074
2705
2706
2707
3977
4148
4149
4150
4151
2705
2706
2987
2988
2989
2990
3982
4144
4145
4146
4147
2710
3075
3076
3077
3078
2709
2710
3984
4156
4157
4158
4159
2709
2710
2712
2991
2992
2993
2994
2713
3989
4152
4153
4154
4155
3079
3080
3081
3082
2713
2714
2715
3991
4164
4165
4166
4167
2713
2714
2995
2996
2997
2998
3996
4160
4161
4162
4163
2718
3083
3084
3085
3086
2717
2718
3998
4172
4173
4174
4175
2717
2718
2720
2999
3000
3001
3002
2721
4003
4168
4169
4170
4171
3087
3088
3089
3090
2721
2722
3636
4006
4180
4181
4182
4183
2721
2722
3003
3004
3005
3006
4011
4176
4177
4178
4179
3091
3092
3093
3094
3638
2724
2731
3103
6418
2725
2732
3104
2726
2733
3105
2727
2734
3106
2728
2735
3107
2729
2736
3108
2730
2737
3109
2738
3110
3112
2732
2740
3135
6419
2733
2741
3136
2734
2742
3137
2735
2743
3138
2736
2744
3139
2737
2745
3140
2738
2746
3141
2739
2747
3142
2748
3112
3143
3145
2741
2750
3166
6420
2742
2751
3167
2743
2752
3168
2744
2753
3169
2745
2754
3170
2746
2755
3171
2747
2756
3172
2748
2757
3173
2749
2758
3174
2759
3145
3175
3177
2751
2761
3196
6421
2752
2762
3197
2753
2763
3198
2754
2764
3199
2755
2765
3200
2756
2766
3201
2757
2767
3202
2758
2768
3203
2759
2769
3204
2760
2770
3205
2771
3177
3206
3208
2762
2773
3225
6422
2763
2774
3226
2764
2775
3227
2765
2776
3228
2766
2777
3229
2767
2778
3230
2768
2779
3231
2769
2780
3232
2770
2781
3233
2771
2782
3234
2772
2783
3235
2784
3208
3236
3238
2774
2786
3253
6423
2775
2787
3254
2776
2788
3255
2777
2789
3256
2778
2790
3257
2779
2791
3258
2780
2792
3259
2781
2793
3260
2782
2794
3261
2783
2795
3262
2784
2796
3263
2785
2797
3264
2798
3238
3265
3267
2787
2800
3280
6424
2788
2801
3281
2789
2802
3282
2790
2803
3283
2791
2804
3284
2792
2805
3285
2793
2806
3286
2794
2807
3287
2795
2808
3288
2796
2809
3289
2797
2810
3290
2798
2811
3291
2799
2812
3292
2813
3267
3293
3295
2801
2815
3306
6425
2802
2816
3307
2803
2817
3308
2804
2818
3309
2805
2819
3310
2806
2820
3311
2807
2821
3312
2808
2822
3313
2809
2823
3314
2810
2824
3315
2811
2825
3316
2812
2826
3317
2813
2827
3318
2814
2828
3319
2829
3295
3320
3322
2816
2831
3331
6426
2817
2832
3332
2818
2833
3333
2819
2834
3334
2820
2835
3335
2821
2836
3336
2822
2837
3337
2823
2838
3338
2824
2839
3339
2825
2840
3340
2826
2841
3341
2827
2842
3342
2828
2843
3343
2829
2844
3344
2830
2845
3345
2846
3322
3346
3348
2832
3355
6427
2833
3356
2834
3357
2835
3358
2836
3359
2837
3360
2838
3361
2839
3362
2840
3363
2841
3364
2842
3365
2843
3366
2844
3367
2845
3368
2846
3369
2847
3370
2848
3348
3371
3350
3372
3374
2850
2851
3354
3374
3376
4184
4187
4189
3382
4184
4186
4187
4286
2852
2853
2854
2855
3374
3383
2854
2855
3390
4187
4195
4196
4197
4198
2854
2855
3095
3096
3097
3098
3099
3100
3101
3102
3393
4189
4191
4192
4193
4194
2858
2860
2858
2861
3403
2862
2864
2860
2861
3405
2862
2866
2862
3407
2868
2865
2867
2865
2868
2869
2871
2867
2868
2869
2873
2869
2875
2872
2874
2872
2875
2876
2878
2874
2875
2876
2880
2876
2882
2879
2881
2879
2882
2883
2885
2881
2882
2883
2887
2883
2889
2886
2888
2886
2889
2890
2892
2888
2889
2890
2894
2890
2896
2893
2895
2893
2896
2897
2899
2895
2896
2897
2901
2897
2903
2900
2902
2900
2903
2904
2906
2902
2903
2904
2908
2904
2910
2907
2909
2907
2910
2911
2913
2909
2910
2911
2915
2911
2917
2914
2916
2914
2917
2918
2920
2916
2917
2918
2922
2918
2924
2921
2923
2921
2924
2925
2927
2923
2924
2925
2929
2925
2931
2928
2930
2928
2931
2932
2934
2930
2931
2932
2936
2932
2938
2935
2937
2935
2938
2939
2941
2937
2938
2939
2943
2939
2945
2942
2944
3449
2942
2945
2946
3640
2944
2945
2946
3641
2946
3642
2948
2949
3095
4069
2950
3096
2950
3039
4070
3041
2953
2954
3043
4076
2953
2954
2956
3045
2958
4079
2957
2958
3047
4084
2957
2958
3049
4086
2961
2962
3682
4092
2961
2962
3733
3684
3734
4095
2965
2966
3917
4203
4204
4205
4206
2965
2966
3733
3734
3735
3736
3922
4199
4200
4201
4202
3749
3750
3751
3752
2969
2970
3051
4100
2969
2970
2972
3053
2974
4103
2973
2974
3055
4108
2973
2974
3057
4110
2977
2978
3067
4128
2977
2978
3741
3742
4130
3070
2981
2982
3963
4211
4212
4213
4214
2981
2982
3035
3737
3738
3739
3740
3036
3968
4207
4208
4209
4210
3753
3754
3755
3756
2985
2986
3071
4136
2985
2986
2988
2989
4139
3074
2989
2990
3075
4144
2989
2990
4146
3078
2993
2994
3079
4152
2993
2994
2996
2997
4155
3082
2997
2998
3083
4160
2997
2998
4162
3086
3001
3002
3087
4168
3001
3002
3004
3005
4171
3090
3005
3006
3091
4176
3005
3006
4178
3094
3008
3009
3741
3742
3743
3744
3010
4014
4215
4216
4217
4218
3010
3012
3686
3687
3688
3689
3013
4015
4219
4220
4221
4222
3012
3014
3015
3658
3659
3660
3661
3013
3690
3691
3692
3693
3014
4019
4227
4228
4229
4230
3018
4024
4223
4224
4225
4226
3016
3018
3662
3663
3664
3665
3017
3020
3694
3695
3696
3697
3018
3021
4026
4235
4236
4237
4238
4031
4231
4232
4233
4234
3020
3022
3023
3666
3667
3668
3669
3021
3698
3699
3700
3701
3022
4033
4243
4244
4245
4246
3026
4038
4239
4240
4241
4242
3024
3026
3670
3671
3672
3673
3025
3028
3702
3703
3704
3705
3026
3029
4040
4251
4252
4253
4254
4045
4247
4248
4249
4250
3028
3030
3031
3674
3675
3676
3677
3029
3706
3707
3708
3709
3030
4047
4259
4260
4261
4262
3034
4052
4255
4256
4257
4258
3032
3034
3678
3679
3680
3681
3033
3037
3757
3758
3759
3760
3034
3038
4054
4267
4268
4269
4270
4059
4263
4264
4265
4266
3036
3037
3745
3746
3747
3748
3038
4063
4271
4272
4273
4274
3038
3761
3762
3763
3764
4064
4275
4276
4277
4278
3041
3042
4072
3041
3042
3044
3046
4075
3045
3046
4080
3045
3046
4083
3049
3050
4088
3049
3050
3683
3685
4091
3053
3054
4104
3053
3054
3749
3750
4107
3057
3058
4112
3057
3058
3060
3062
4115
3061
3062
3654
4120
3061
3062
3656
4123
3065
3066
3959
4124
3065
3066
3068
3069
4127
3962
3069
3070
4132
3069
3070
4135
3073
3074
4140
3073
3074
3753
3754
4143
3077
3078
4148
3077
3078
3080
3081
4151
3081
3082
4156
3081
3082
4159
3085
3086
4164
3085
3086
3088
3089
4167
3089
3090
4172
3089
3090
4175
3093
3094
4182
3093
3094
3651
3652
4181
3096
3097
4192
3098
3098
3099
4193
3102
3101
3102
4197
3101
3102
3427
3428
4196
3104
3135
4460
6428
3105
3136
4463
3106
3137
4466
3107
3138
4469
3108
3139
4472
3109
3140
4475
3110
3141
4478
3111
3142
4481
3112
3113
3143
4484
3114
3114
3115
3144
4487
3116
3145
3116
3117
3146
4490
3118
3147
3118
3119
3148
4493
3120
3149
3120
3121
3150
4496
3122
3151
3122
3123
3152
4499
3124
3153
3124
3125
3154
4502
3126
3155
3126
3127
3156
4505
3128
3157
3128
3129
3158
4508
3130
3159
3130
3131
3160
4511
3132
3161
3132
3133
3162
3394
3397
3398
4514
3134
3163
3401
3404
3405
3394
3395
3397
3719
3394
3401
3402
3404
3136
3166
4519
6429
3137
3167
4522
3138
3168
4525
3139
3169
4528
3140
3170
4531
3141
3171
4534
3142
3172
4537
3143
3173
4540
3144
3174
4543
3145
3146
3175
4546
3147
3147
3148
3176
4549
3149
3177
3149
3150
3178
4552
3151
3179
3151
3152
3180
4555
3153
3181
3153
3154
3182
4558
3155
3183
3155
3156
3184
4561
3157
3185
3157
3158
3186
4564
3159
3187
3159
3160
3188
4567
3161
3189
3161
3162
3190
4570
3163
3191
3163
3164
3192
4573
3165
3193
3165
3194
3397
3398
3399
3400
4576
3195
3404
3405
3406
3407
3167
3196
4579
6430
3168
3197
4582
3169
3198
4585
3170
3199
4588
3171
3200
4591
3172
3201
4594
3173
3202
4597
3174
3203
4600
3175
3204
4603
3176
3205
4606
3177
3178
3206
4609
3179
3179
3180
3207
4612
3181
3208
3181
3182
3209
4615
3183
3210
3183
3184
3211
4618
3185
3212
3185
3186
3213
4621
3187
3214
3187
3188
3215
4624
3189
3216
3189
3190
3217
4627
3191
3218
3191
3192
3219
4630
3193
3220
3193
3194
3221
4633
3195
3222
3195
3223
4636
3224
3197
3225
4639
6431
3198
3226
4642
3199
3227
4645
3200
3228
4648
3201
3229
4651
3202
3230
4654
3203
3231
4657
3204
3232
4660
3205
3233
4663
3206
3234
4666
3207
3235
4669
3208
3209
3236
4672
3210
3210
3211
3237
4675
3212
3238
3212
3213
3239
4678
3214
3240
3214
3215
3241
4681
3216
3242
3216
3217
3243
4684
3218
3244
3218
3219
3245
4687
3220
3246
3220
3221
3247
4690
3222
3248
3222
3223
3249
4693
3224
3250
3224
3251
4696
3252
3226
3253
4699
6432
3227
3254
4702
3228
3255
4705
3229
3256
4708
3230
3257
4711
3231
3258
4714
3232
3259
4717
3233
3260
4720
3234
3261
4723
3235
3262
4726
3236
3263
4729
3237
3264
4732
3238
3239
3265
4735
3240
3240
3241
3266
4738
3242
3267
3242
3243
3268
4741
3244
3269
3244
3245
3270
4744
3246
3271
3246
3247
3272
4747
3248
3273
3248
3249
3274
4750
3250
3275
3250
3251
3276
4753
3252
3277
3252
3278
4756
3279
3254
3280
4759
6433
3255
3281
4762
3256
3282
4765
3257
3283
4768
3258
3284
4771
3259
3285
4774
3260
3286
4777
3261
3287
4780
3262
3288
4783
3263
3289
4786
3264
3290
4789
3265
3291
4792
3266
3292
4795
3267
3268
3293
4798
3269
3269
3270
3294
4801
3271
3295
3271
3272
3296
4804
3273
3297
3273
3274
3298
4807
3275
3299
3275
3276
3300
4810
3277
3301
3277
3278
3302
4813
3279
3303
3279
3304
4816
3305
3281
3306
4819
6434
3282
3307
4822
3283
3308
4825
3284
3309
4828
3285
3310
4831
3286
3311
4834
3287
3312
4837
3288
3313
4840
3289
3314
4843
3290
3315
4846
3291
3316
4849
3292
3317
4852
3293
3318
4855
3294
3319
4858
3295
3296
3320
4861
3297
3297
3298
3321
4864
3299
3322
3299
3300
3323
4867
3301
3324
3301
3302
3325
4870
3303
3326
3303
3304
3327
4873
3305
3328
3305
3329
4876
3330
3307
3331
4879
6435
3308
3332
4882
3309
3333
4885
3310
3334
4888
3311
3335
4891
3312
3336
4894
3313
3337
4897
3314
3338
4900
3315
3339
4903
3316
3340
4906
3317
3341
4909
3318
3342
4912
3319
3343
4915
3320
3344
4918
3321
3345
4921
3322
3323
3346
4924
3324
3324
3325
3347
4927
3326
3348
3326
3327
3349
4930
3328
3350
3328
3329
3351
4933
3330
3352
3330
4280
4281
4282
4283
4936
4287
4288
4289
4290
3332
3355
4939
6436
3333
3356
4942
3334
3357
4945
3335
3358
4948
3336
3359
4951
3337
3360
4954
3338
3361
4957
3339
3362
4960
3340
3363
4963
3341
3364
4966
3342
3365
4969
3343
3366
4972
3344
3367
4975
3345
3368
4978
3346
3369
4981
3347
3370
4984
3348
3349
3371
4987
3350
3350
3351
3372
4990
3352
3352
3353
3373
4280
4281
4284
4993
3354
3374
4287
4289
4291
3375
4279
4280
4284
5147
4286
4287
4291
3356
4998
6437
3357
5001
3358
5004
3359
5007
3360
5010
3361
5013
3362
5016
3363
5019
3364
5022
3365
5025
3366
5028
3367
5031
3368
5034
3369
5037
3370
5040
3371
5043
3372
5046
3373
5049
3374
3375
3377
3380
3381
5052
3376
3383
3377
3378
3380
3710
4293
4296
4298
3377
3382
3383
4291
4308
4311
4313
3381
4284
4300
4301
4304
4305
3711
3718
4293
4295
4296
4285
4301
4302
4303
4310
3381
3384
3385
3712
3717
3718
3383
3386
3387
3388
3389
4292
4307
4308
4311
3390
3391
3392
3393
3385
3386
3718
4296
4314
4315
4316
4317
3389
3418
3419
3420
3421
3717
3388
3389
4300
4322
4323
4324
4325
3388
3389
3391
3410
3411
3412
3413
3392
4305
4318
4319
4320
4321
3422
3423
3424
3425
3392
3393
4308
4330
4331
4332
4333
3392
3393
3414
3415
3416
3417
4313
4326
4327
4328
4329
3426
3427
3428
3429
3396
3398
3396
3399
3720
3400
3402
3398
3399
3721
3400
3404
3400
3722
3406
3403
3405
3403
3406
3407
3405
3406
3407
3407
3409
3418
3717
3728
4437
3420
3717
3727
3412
3413
3422
4318
3412
3413
3415
3424
3416
4321
3416
3417
3426
4326
3416
3417
4328
3429
3420
3421
4315
3420
3421
3423
3425
4317
3424
3425
4322
3424
3425
4325
3428
3429
4332
3428
3429
4331
3431
3450
5218
6438
3432
3451
5219
3433
3452
5220
3434
3453
5221
3435
3454
5222
3436
3455
5223
3437
3456
5224
3438
3457
5225
3439
3458
5226
3440
3459
5227
3441
3460
5228
5434
5435
5436
3442
3461
5229
5437
5438
5439
3443
3462
5230
5440
5441
5442
3444
3463
5231
5443
5444
5445
3445
3464
5232
5446
5447
5448
3446
3465
5233
5449
5450
5451
3447
3466
5234
5452
5453
5454
3448
3467
5235
5455
5456
5457
3449
3468
3641
3783
3785
5236
5458
5459
5460
3640
3641
3783
3451
3470
5238
6439
3452
3471
5239
3453
3472
5240
3454
3473
5241
3455
3474
5242
3456
3475
5243
3457
3476
5244
3458
3477
5245
3459
3478
5246
3460
3479
5247
3461
3480
5248
5461
5462
5463
3462
3481
5249
5546
5547
5548
3463
3482
5250
5823
5824
5825
3464
3483
5251
5826
5827
5828
3465
3484
5252
5829
5830
5831
3466
3485
5253
5832
5833
5834
3467
3486
5254
5835
5836
5837
3468
3487
5255
5838
5839
5840
3469
3488
4335
4337
4339
5256
5841
5842
5843
3785
4334
4335
4339
5257
3471
3490
5258
6440
3472
3491
5259
3473
3492
5260
3474
3493
5261
3475
3494
5262
3476
3495
5263
3477
3496
5264
3478
3497
5265
3479
3498
5266
3480
3499
5267
3481
3500
5268
5467
5468
5469
3482
3501
5269
5549
5550
5551
3483
3502
5270
5844
5845
5846
3484
3503
5271
3485
3504
5272
3486
3505
5273
3487
3506
5274
3488
3507
5275
3489
3508
4342
4344
4346
5276
5847
5848
5849
4337
4341
4342
4344
3491
3510
5278
6441
3492
3511
5279
3493
3512
5280
3494
3513
5281
3495
3514
5282
3496
3515
5283
3497
3516
5284
3498
3517
5285
3499
3518
5286
3500
3519
5287
3501
3520
5288
5473
5474
5475
3502
3521
5289
5552
5553
5554
3503
3522
5290
5850
5851
5852
3504
3523
5291
3505
3524
5292
3506
3525
5293
3507
3526
5294
3508
3527
5295
3509
3528
4349
4351
4353
5296
5853
5854
5855
4342
4348
4349
4351
3511
3530
5298
6442
3512
3531
5299
3513
3532
5300
3514
3533
5301
3515
3534
5302
3516
3535
5303
3517
3536
5304
3518
3537
5305
3519
3538
5306
3520
3539
5307
3521
3540
5308
5479
5480
5481
3522
3541
5309
5555
5556
5557
3523
3542
5310
5856
5857
5858
3524
3543
5311
3525
3544
5312
3526
3545
5313
3527
3546
5314
3528
3547
5315
3529
3548
4356
4358
4360
5316
5859
5860
5861
4349
4355
4356
4358
3531
3550
5318
6443
3532
3551
5319
3533
3552
5320
3534
3553
5321
3535
3554
5322
3536
3555
5323
3537
3556
5324
3538
3557
5325
3539
3558
5326
3540
3559
5327
3541
3560
5328
5485
5486
5487
3542
3561
5329
5558
5559
5560
3543
3562
5330
5862
5863
5864
3544
3563
5331
3545
3564
5332
3546
3565
5333
3547
3566
5334
3548
3567
5335
3549
3568
4363
4365
4367
5336
5865
5866
5867
4356
4362
4363
4365
3551
3570
5338
6444
3552
3571
5339
3553
3572
5340
3554
3573
5341
3555
3574
5342
3556
3575
5343
3557
3576
5344
3558
3577
5345
3559
3578
5346
3560
3579
5347
3561
3580
5348
5491
5492
5493
3562
3581
5349
5561
5562
5563
3563
3582
5350
5868
5869
5870
3564
3583
5351
3565
3584
5352
3566
3585
5353
3567
3586
5354
3568
3587
5355
3569
3588
4370
4372
4374
5356
5871
5872
5873
4363
4369
4370
4372
3571
3590
5358
6445
3572
3591
5359
3573
3592
5360
3574
3593
5361
3575
3594
5362
3576
3595
5363
3577
3596
5364
3578
3597
5365
3579
3598
5366
3580
3599
5367
3581
3600
5368
5497
5498
5499
3582
3601
5369
5564
5565
5566
3583
3602
5370
5874
5875
5876
3584
3603
5371
3585
3604
5372
3586
3605
5373
3587
3606
5374
3588
3607
5375
3589
3608
4377
4379
4381
5376
5877
5878
5879
4370
4376
4377
4379
3591
3610
5378
6446
3592
3611
5379
3593
3612
5380
3594
3613
5381
3595
3614
5382
3596
3615
5383
3597
3616
5384
3598
3617
5385
3599
3618
5386
3600
3619
5387
3601
3620
5388
5503
5504
5505
3602
3621
5389
5567
5568
5569
3603
3622
5390
5880
5881
5882
3604
3623
5391
5883
5884
5885
3605
3624
5392
5886
5887
5888
3606
3625
5393
5889
5890
5891
3607
3626
5394
5892
5893
5894
3608
3627
5395
5895
5896
5897
3609
3628
4384
4386
4388
5396
5898
5899
5900
3774
4383
4384
4388
5507
3611
5398
6447
3612
5399
3613
5400
3614
5401
3615
5402
3616
5403
3617
5404
3618
5405
3619
5406
3620
5407
3621
5408
5509
5510
5511
3622
5409
5512
5513
5514
3623
5410
5515
5516
5517
3624
5411
5420
5421
5422
3625
5412
5423
5424
5425
3626
5413
5426
5427
5428
3627
5414
5429
5430
5431
3628
5415
5518
5519
5520
3629
3631
3774
3776
5416
5521
5522
5523
3630
3631
3633
3774
4384
4391
4393
4395
4385
4390
4391
4393
4439
3632
3635
3643
3644
3645
3776
3639
3643
3644
4395
4412
4413
4414
4415
3634
3635
4397
4400
4402
3882
4393
4397
4398
4402
3636
3637
3638
3639
3638
3639
4400
4408
4409
4410
4411
3638
3639
3643
3646
3647
3648
3649
3650
3651
3652
3653
4402
4404
4405
4406
4407
3642
3784
3642
3785
4335
3786
4336
3645
3765
3766
3767
3768
3645
3777
4391
4416
4417
4418
4419
3769
3770
3771
3772
3780
3647
3648
3765
4405
3649
3766
3649
3650
4406
3653
3652
3653
4410
3652
3653
4409
3656
3657
4116
3656
3657
3960
3961
4119
3659
3661
3662
3660
3691
3661
3692
4223
3665
4226
3663
3665
3664
3695
3665
3696
4231
4233
3667
3669
3670
3668
3699
3669
3700
4239
3673
4242
3672
3673
3672
3673
3703
4247
3704
4249
3675
3677
3678
3676
3707
3677
3708
4255
3681
4258
3679
3681
3680
3758
3681
3759
4263
4265
3684
3685
4096
3684
3685
4099
3687
3689
3690
3688
3743
3689
3744
4219
3693
4222
3691
3693
3692
3693
4227
4230
3695
3697
3698
3696
3697
4235
3701
4238
3699
3701
3700
3701
4243
4246
3704
3705
3706
3704
3705
4251
3709
4254
3707
3709
3708
3709
4259
4262
3711
3712
4420
4423
4425
5052
5054
5147
3715
4420
4422
4423
3713
3714
3715
3716
5052
5064
3715
3716
4423
4431
4432
4433
4434
5077
3715
3716
3717
3723
3724
3725
3726
3718
4427
4428
4429
4430
3729
3730
5080
5130
5131
3718
3727
3728
4435
4436
4437
4438
3720
3721
4514
4516
3722
5092
3722
4514
4576
5093
4576
5094
3725
3726
3729
4428
3725
3726
3727
3730
3728
4430
3728
4438
3730
4431
5131
5130
3732
3769
3780
3797
3770
3780
3796
4451
3734
3736
3735
4200
3736
3751
4201
3752
3738
3740
3745
3739
3755
3740
3756
4207
3748
4210
3742
3743
3744
4216
3744
4217
3746
3748
3747
3762
3748
3763
4271
4273
3750
3752
3751
4204
3752
4205
3754
3755
3756
4212
3756
4213
3758
3760
3761
3759
3760
4267
3764
4270
3762
3764
3763
3764
4275
4278
3766
3768
4413
3767
3768
3771
3772
4414
3770
3771
3772
4417
3772
4418
3784
3787
3788
6113
6114
3775
3776
4439
4442
4445
5417
4383
4439
4440
4445
5909
3777
3778
3779
3780
5433
3779
3780
4442
4450
4451
4452
4453
3779
3780
3781
3790
3791
3792
3793
3782
4445
4446
4447
4448
4449
3796
3797
3782
3794
3795
5433
5543
5589
5590
4454
4455
4456
4457
5433
5542
5913
3784
3785
5237
3786
3787
3788
3789
3786
5418
4334
5419
5902
5903
5905
3789
5237
5576
3789
5575
5902
5237
5574
5905
3792
3793
3796
4446
3792
3793
3794
3795
4449
3797
3795
5590
4456
5589
3797
4452
3800
3804
3889
3893
3894
4286
3800
3801
4287
3802
4288
3802
3803
3804
3806
3804
3808
3810
3897
3898
3900
3807
3809
3807
3810
3811
3813
3809
3810
3811
3815
3811
3904
3905
3907
3817
3911
3912
3914
3814
3816
3814
3817
3818
3820
3816
3817
3818
3822
3818
3918
3919
3921
3824
3925
3926
3928
3821
3823
3821
3824
3825
3827
3823
3824
3825
3829
3825
3932
3933
3935
3831
3939
3940
3942
3828
3830
3828
3831
3832
3834
3830
3831
3832
3836
3832
3946
3947
3949
3838
3953
3954
3956
3835
3837
3835
3838
3839
3841
3837
3838
3839
3843
3839
4012
4016
4017
3845
4020
4021
4023
3842
3844
3842
3845
3846
3848
3844
3845
3846
3850
3846
4027
4028
4030
3852
4034
4035
4037
3849
3851
3849
3852
3853
3855
3851
3852
3853
3857
3853
4041
4042
4044
3859
4048
4049
4051
3856
3858
3856
3859
3860
3862
3858
3859
3860
3864
3860
4055
4056
4058
3866
4061
4065
4066
3863
3865
3863
3866
3867
3869
3865
3866
3867
3871
3867
3964
3965
3967
3873
3971
3972
3974
3870
3872
3870
3873
3874
3876
3872
3873
3874
3878
3874
3978
3979
3981
3880
3985
3986
3988
3877
3879
3885
3877
3880
3881
3886
3879
3880
3881
3887
3881
3992
3993
3995
3888
3999
4000
4002
3884
3888
4385
4397
4398
4399
3884
3885
4386
3886
4387
3886
3887
3888
3888
4005
4008
4009
3891
3893
4185
3891
3892
4189
3895
4068
4071
4190
3894
3895
3896
3894
3895
3898
3900
3902
4073
4074
3900
3901
3902
3900
3901
3904
3900
3902
3901
3902
3906
4077
4078
3908
4081
4082
3907
3908
3909
3910
3907
3908
3907
3909
3912
3908
3909
4085
4087
3914
3916
4089
4090
3914
3915
3916
3914
3915
3918
3914
3916
3915
3916
3920
4093
4094
3922
4097
4098
3921
3922
3923
3924
3921
3922
3921
3923
3926
3922
3923
4199
4202
3928
3930
4203
4206
3928
3929
3930
3928
3929
3932
3928
3930
3929
3930
3934
4101
4102
3936
4105
4106
3935
3936
3937
3938
3935
3936
3935
3937
3940
3936
3937
4109
4111
3942
3944
4113
4114
3942
3943
3944
3942
3943
3946
3942
3944
3943
3944
3948
4117
4118
3950
4121
4122
3949
3950
3951
3952
3949
3950
3949
3951
3954
3950
3951
3956
3958
4125
4126
3956
3957
3958
3956
3957
4012
3956
3958
3957
3958
4013
4129
4131
4014
4133
4134
3961
3962
3961
3962
3967
3968
3969
3970
3967
3968
4061
3967
3969
3972
3968
3969
4062
4208
4209
3974
4063
3976
4211
4214
3974
3975
3976
3974
3975
3978
3974
3976
3975
3976
3980
4137
4138
3982
4141
4142
3981
3982
3983
3984
3981
3982
3981
3983
3986
3982
3983
4145
4147
3988
3990
4149
4150
3988
3989
3990
3988
3989
3992
3988
3990
3989
3990
3994
4153
4154
3996
4157
4158
3995
3996
3997
3998
3995
3996
3995
3997
4000
3996
3997
4161
4163
4002
4004
4165
4166
4002
4003
4004
4002
4003
4009
4002
4004
4003
4004
4010
4169
4170
4011
4173
4174
4007
4008
4399
4007
4011
4400
4010
4180
4183
4401
4009
4010
4011
4011
4177
4179
4014
4017
4014
4018
4215
4218
4015
4017
4018
4019
4017
4018
4021
4023
4025
4220
4221
4023
4024
4025
4023
4024
4027
4023
4025
4024
4025
4029
4224
4225
4031
4228
4229
4030
4031
4032
4033
4030
4031
4030
4032
4035
4031
4032
4232
4234
4037
4039
4236
4237
4037
4038
4039
4037
4038
4041
4037
4039
4038
4039
4043
4240
4241
4045
4244
4245
4044
4045
4046
4047
4044
4045
4044
4046
4049
4045
4046
4248
4250
4051
4053
4252
4253
4051
4052
4053
4051
4052
4055
4051
4053
4052
4053
4057
4256
4257
4059
4260
4261
4058
4059
4060
4064
4058
4059
4058
4060
4065
4059
4060
4264
4266
4066
4067
4268
4269
4063
4066
4063
4067
4272
4274
4064
4066
4067
4066
4067
4276
4277
4069
4071
4191
4070
4192
4071
4072
4074
4074
4075
4074
4075
4081
4083
4078
4079
4080
4078
4079
4085
4082
4086
4082
4083
4082
4083
4086
4087
4088
4086
4087
4090
4090
4091
4090
4091
4097
4099
4094
4095
4096
4094
4095
4199
4098
4200
4098
4099
4098
4099
4102
4103
4104
4102
4103
4109
4106
4110
4106
4107
4106
4107
4203
4204
4110
4111
4112
4110
4111
4114
4114
4115
4114
4115
4121
4123
4118
4119
4120
4118
4119
4122
4122
4123
4122
4123
4126
4127
4126
4127
4133
4135
4130
4131
4132
4130
4131
4215
4216
4134
4134
4135
4134
4135
4138
4139
4140
4138
4139
4145
4142
4146
4142
4143
4142
4143
4211
4212
4146
4147
4148
4146
4147
4150
4150
4151
4150
4151
4157
4159
4154
4155
4156
4154
4155
4161
4158
4162
4158
4159
4158
4159
4162
4163
4164
4162
4163
4166
4166
4167
4166
4167
4173
4175
4170
4171
4172
4170
4171
4177
4174
4178
4174
4175
4174
4175
4178
4179
4182
4178
4179
4183
4181
4183
4408
4182
4409
4183
4185
4189
4286
4186
4190
4286
4188
4286
4307
4188
4189
4308
4190
4195
4198
4309
4190
4191
4194
4192
4194
4193
4194
4197
4198
4196
4198
4330
4197
4331
4198
4200
4202
4201
4202
4205
4206
4204
4206
4205
4206
4209
4210
4213
4209
4210
4272
4214
4273
4212
4214
4213
4214
4216
4218
4217
4218
4219
4221
4221
4222
4221
4222
4228
4230
4225
4226
4227
4225
4226
4232
4229
4233
4229
4230
4229
4230
4233
4234
4235
4233
4234
4237
4237
4238
4237
4238
4244
4246
4241
4242
4243
4241
4242
4248
4245
4249
4245
4246
4245
4246
4249
4250
4251
4249
4250
4253
4253
4254
4253
4254
4260
4262
4257
4258
4259
4257
4258
4264
4261
4265
4261
4262
4261
4262
4265
4266
4267
4265
4266
4269
4269
4270
4269
4270
4276
4278
4273
4274
4275
4273
4274
4277
4277
4278
4277
4278
4282
4285
4293
4294
4297
4298
5149
4281
4282
5143
4283
4284
4289
4283
5145
4285
4290
4285
4291
4292
4301
4302
4304
4288
4292
4288
4289
4290
4290
4291
4292
4292
4307
4310
4311
4294
4298
4420
4295
4297
4421
4299
4422
4435
4436
4298
4299
4300
4298
4299
4302
4304
4306
4314
4316
4304
4305
4306
4304
4305
4311
4304
4306
4305
4306
4312
4319
4320
4313
4323
4324
4309
4310
4309
4313
4312
4330
4333
4311
4312
4313
4313
4327
4329
4315
4316
4436
4317
4437
4317
4323
4325
4320
4321
4322
4320
4321
4327
4324
4328
4324
4325
4324
4325
4328
4329
4332
4328
4329
4333
4331
4333
4332
4333
4336
4340
5464
5919
5923
5924
4336
4337
4338
4338
4339
4340
4341
4340
4344
5465
4345
5466
5927
5928
5930
4343
4345
4343
4346
4347
4348
4345
4346
5277
4347
5470
5934
5936
5938
4347
4351
5471
4352
5472
5941
5942
5944
4350
4352
4350
4353
4354
4355
4352
4353
5297
4354
5476
5948
5950
5952
4354
4358
5477
4359
5478
5955
5956
5958
4357
4359
4357
4360
4361
4362
4359
4360
5317
4361
5482
5962
5964
5966
4361
4365
5483
4366
5484
5969
5970
5972
4364
4366
4364
4367
4368
4369
4366
4367
5337
4368
5488
5976
5978
5980
4368
4372
5489
4373
5490
5983
5984
5986
4371
4373
4371
4374
4375
4376
4373
4374
5357
4375
5494
5990
5992
5994
4375
4379
5495
4380
5496
5997
5998
6000
4378
4380
4378
4381
4386
4382
4387
4380
4381
5377
4382
5500
6004
6006
6008
4382
4388
5501
4389
5502
6011
6012
6014
4385
4389
4439
4440
4441
5508
6024
6028
6029
4385
4386
4387
4390
4393
4394
4387
4388
4389
4389
5397
5506
6018
6020
6022
4392
4394
4441
4392
4395
4442
4396
4416
4419
4443
4394
4395
4396
4398
4396
4402
4403
4412
4415
4399
4400
4399
4403
4401
4401
4402
4403
4408
4411
4403
4404
4407
4405
4407
4412
4406
4413
4407
4410
4411
4409
4411
4410
4411
4413
4415
4414
4415
4418
4419
4417
4419
4450
4418
4451
4419
4421
4425
5149
4422
4424
5149
4426
4427
4429
4425
4426
5175
4425
4426
5149
5177
5149
5179
4432
4433
5181
4429
4430
4435
4429
4430
4431
4433
4438
4433
4434
4433
4434
5212
5131
5210
4436
4438
4437
4438
4441
4442
4441
4444
5432
4443
4443
4445
4444
4450
4453
4445
4447
4448
5911
5913
4448
4449
4452
4448
4449
4455
4453
4456
4451
4453
4452
4453
4456
4457
5589
6039
4456
4457
5911
5911
6041
4459
4461
4517
6259
4460
4462
4518
6260
4463
4519
6261
4462
4464
4520
4463
4465
4521
4466
4522
4465
4467
4523
4466
4468
4524
4469
4525
4468
4470
4526
4469
4471
4527
4472
4528
4471
4473
4529
4472
4474
4530
4475
4531
4474
4476
4532
4475
4477
4533
4478
4534
4477
4479
4535
4478
4480
4536
4481
4537
4480
4482
4538
4481
4483
4539
4484
4540
4483
4485
4541
4484
4486
4542
4487
4543
4486
4488
4544
4487
4489
4545
4490
4546
4489
4491
4547
4490
4492
4548
4493
4549
4492
4494
4550
4493
4495
4551
4496
4552
4495
4497
4553
4496
4498
4554
4499
4555
4498
4500
4556
4499
4501
4557
4502
4558
4501
4503
4559
4502
4504
4560
4505
4561
4504
4506
4562
4505
4507
4563
4508
4564
4507
4509
4565
4508
4510
4566
4511
4567
4510
4512
4568
4511
4513
4569
4514
4570
4513
4571
5081
5083
4514
4515
4572
5085
5088
5089
4516
4573
5093
5081
5085
5086
5088
5085
5092
5093
4518
4520
4577
6262
4519
4521
4578
6263
4522
4579
6264
4521
4523
4580
4522
4524
4581
4525
4582
4524
4526
4583
4525
4527
4584
4528
4585
4527
4529
4586
4528
4530
4587
4531
4588
4530
4532
4589
4531
4533
4590
4534
4591
4533
4535
4592
4534
4536
4593
4537
4594
4536
4538
4595
4537
4539
4596
4540
4597
4539
4541
4598
4540
4542
4599
4543
4600
4542
4544
4601
4543
4545
4602
4546
4603
4545
4547
4604
4546
4548
4605
4549
4606
4548
4550
4607
4549
4551
4608
4552
4609
4551
4553
4610
4552
4554
4611
4555
4612
4554
4556
4613
4555
4557
4614
4558
4615
4557
4559
4616
4558
4560
4617
4561
4618
4560
4562
4619
4561
4563
4620
4564
4621
4563
4565
4622
4564
4566
4623
4567
4624
4566
4568
4625
4567
4569
4626
4570
4627
4569
4571
4628
4570
4572
4629
4573
4630
4572
4574
4631
4573
4575
4632
4576
4633
4575
4634
5083
5084
4576
4635
5088
5089
5090
5091
4636
5093
5094
4578
4580
4637
6265
4579
4581
4638
6266
4582
4639
6267
4581
4583
4640
4582
4584
4641
4585
4642
4584
4586
4643
4585
4587
4644
4588
4645
4587
4589
4646
4588
4590
4647
4591
4648
4590
4592
4649
4591
4593
4650
4594
4651
4593
4595
4652
4594
4596
4653
4597
4654
4596
4598
4655
4597
4599
4656
4600
4657
4599
4601
4658
4600
4602
4659
4603
4660
4602
4604
4661
4603
4605
4662
4606
4663
4605
4607
4664
4606
4608
4665
4609
4666
4608
4610
4667
4609
4611
4668
4612
4669
4611
4613
4670
4612
4614
4671
4615
4672
4614
4616
4673
4615
4617
4674
4618
4675
4617
4619
4676
4618
4620
4677
4621
4678
4620
4622
4679
4621
4623
4680
4624
4681
4623
4625
4682
4624
4626
4683
4627
4684
4626
4628
4685
4627
4629
4686
4630
4687
4629
4631
4688
4630
4632
4689
4633
4690
4632
4634
4691
4633
4635
4692
4636
4693
4635
4694
4636
4695
4696
4638
4640
4697
6268
4639
4641
4698
6269
4642
4699
6270
4641
4643
4700
4642
4644
4701
4645
4702
4644
4646
4703
4645
4647
4704
4648
4705
4647
4649
4706
4648
4650
4707
4651
4708
4650
4652
4709
4651
4653
4710
4654
4711
4653
4655
4712
4654
4656
4713
4657
4714
4656
4658
4715
4657
4659
4716
4660
4717
4659
4661
4718
4660
4662
4719
4663
4720
4662
4664
4721
4663
4665
4722
4666
4723
4665
4667
4724
4666
4668
4725
4669
4726
4668
4670
4727
4669
4671
4728
4672
4729
4671
4673
4730
4672
4674
4731
4675
4732
4674
4676
4733
4675
4677
4734
4678
4735
4677
4679
4736
4678
4680
4737
4681
4738
4680
4682
4739
4681
4683
4740
4684
4741
4683
4685
4742
4684
4686
4743
4687
4744
4686
4688
4745
4687
4689
4746
4690
4747
4689
4691
4748
4690
4692
4749
4693
4750
4692
4694
4751
4693
4695
4752
4696
4753
4695
4754
4696
4755
4756
4698
4700
4757
6271
4699
4701
4758
6272
4702
4759
6273
4701
4703
4760
4702
4704
4761
4705
4762
4704
4706
4763
4705
4707
4764
4708
4765
4707
4709
4766
4708
4710
4767
4711
4768
4710
4712
4769
4711
4713
4770
4714
4771
4713
4715
4772
4714
4716
4773
4717
4774
4716
4718
4775
4717
4719
4776
4720
4777
4719
4721
4778
4720
4722
4779
4723
4780
4722
4724
4781
4723
4725
4782
4726
4783
4725
4727
4784
4726
4728
4785
4729
4786
4728
4730
4787
4729
4731
4788
4732
4789
4731
4733
4790
4732
4734
4791
4735
4792
4734
4736
4793
4735
4737
4794
4738
4795
4737
4739
4796
4738
4740
4797
4741
4798
4740
4742
4799
4741
4743
4800
4744
4801
4743
4745
4802
4744
4746
4803
4747
4804
4746
4748
4805
4747
4749
4806
4750
4807
4749
4751
4808
4750
4752
4809
4753
4810
4752
4754
4811
4753
4755
4812
4756
4813
4755
4814
4756
4815
4816
4758
4760
4817
6274
4759
4761
4818
6275
4762
4819
6276
4761
4763
4820
4762
4764
4821
4765
4822
4764
4766
4823
4765
4767
4824
4768
4825
4767
4769
4826
4768
4770
4827
4771
4828
4770
4772
4829
4771
4773
4830
4774
4831
4773
4775
4832
4774
4776
4833
4777
4834
4776
4778
4835
4777
4779
4836
4780
4837
4779
4781
4838
4780
4782
4839
4783
4840
4782
4784
4841
4783
4785
4842
4786
4843
4785
4787
4844
4786
4788
4845
4789
4846
4788
4790
4847
4789
4791
4848
4792
4849
4791
4793
4850
4792
4794
4851
4795
4852
4794
4796
4853
4795
4797
4854
4798
4855
4797
4799
4856
4798
4800
4857
4801
4858
4800
4802
4859
4801
4803
4860
4804
4861
4803
4805
4862
4804
4806
4863
4807
4864
4806
4808
4865
4807
4809
4866
4810
4867
4809
4811
4868
4810
4812
4869
4813
4870
4812
4814
4871
4813
4815
4872
4816
4873
4815
4874
4816
4875
4876
4818
4820
4877
6277
4819
4821
4878
6278
4822
4879
6279
4821
4823
4880
4822
4824
4881
4825
4882
4824
4826
4883
4825
4827
4884
4828
4885
4827
4829
4886
4828
4830
4887
4831
4888
4830
4832
4889
4831
4833
4890
4834
4891
4833
4835
4892
4834
4836
4893
4837
4894
4836
4838
4895
4837
4839
4896
4840
4897
4839
4841
4898
4840
4842
4899
4843
4900
4842
4844
4901
4843
4845
4902
4846
4903
4845
4847
4904
4846
4848
4905
4849
4906
4848
4850
4907
4849
4851
4908
4852
4909
4851
4853
4910
4852
4854
4911
4855
4912
4854
4856
4913
4855
4857
4914
4858
4915
4857
4859
4916
4858
4860
4917
4861
4918
4860
4862
4919
4861
4863
4920
4864
4921
4863
4865
4922
4864
4866
4923
4867
4924
4866
4868
4925
4867
4869
4926
4870
4927
4869
4871
4928
4870
4872
4929
4873
4930
4872
4874
4931
4873
4875
4932
4876
4933
4875
4934
4876
4935
4936
4878
4880
4937
6280
4879
4881
4938
6281
4882
4939
6282
4881
4883
4940
4882
4884
4941
4885
4942
4884
4886
4943
4885
4887
4944
4888
4945
4887
4889
4946
4888
4890
4947
4891
4948
4890
4892
4949
4891
4893
4950
4894
4951
4893
4895
4952
4894
4896
4953
4897
4954
4896
4898
4955
4897
4899
4956
4900
4957
4899
4901
4958
4900
4902
4959
4903
4960
4902
4904
4961
4903
4905
4962
4906
4963
4905
4907
4964
4906
4908
4965
4909
4966
4908
4910
4967
4909
4911
4968
4912
4969
4911
4913
4970
4912
4914
4971
4915
4972
4914
4916
4973
4915
4917
4974
4918
4975
4917
4919
4976
4918
4920
4977
4921
4978
4920
4922
4979
4921
4923
4980
4924
4981
4923
4925
4982
4924
4926
4983
4927
4984
4926
4928
4985
4927
4929
4986
4930
4987
4929
4931
4988
4930
4932
4989
4933
4990
4932
4934
4991
4933
4935
4992
4936
4993
4935
5132
5133
4936
4994
5136
5137
5138
4995
5143
5144
5145
4938
4940
4996
6283
4939
4941
4997
6284
4942
4998
6285
4941
4943
4999
4942
4944
5000
4945
5001
4944
4946
5002
4945
4947
5003
4948
5004
4947
4949
5005
4948
4950
5006
4951
5007
4950
4952
5008
4951
4953
5009
4954
5010
4953
4955
5011
4954
4956
5012
4957
5013
4956
4958
5014
4957
4959
5015
4960
5016
4959
4961
5017
4960
4962
5018
4963
5019
4962
4964
5020
4963
4965
5021
4966
5022
4965
4967
5023
4966
4968
5024
4969
5025
4968
4970
5026
4969
4971
5027
4972
5028
4971
4973
5029
4972
4974
5030
4975
5031
4974
4976
5032
4975
4977
5033
4978
5034
4977
4979
5035
4978
4980
5036
4981
5037
4980
4982
5038
4981
4983
5039
4984
5040
4983
4985
5041
4984
4986
5042
4987
5043
4986
4988
5044
4987
4989
5045
4990
5046
4989
4991
5047
4990
4992
5048
4993
5049
4992
5050
5132
5134
4993
4994
5051
5136
5139
5140
4995
5052
5143
5146
5147
5132
5136
5137
5139
5136
5143
5144
5146
4997
4999
4998
5000
6286
5001
6287
5000
5002
5001
5003
5004
5003
5005
5004
5006
5007
5006
5008
5007
5009
5010
5009
5011
5010
5012
5013
5012
5014
5013
5015
5016
5015
5017
5016
5018
5019
5018
5020
5019
5021
5022
5021
5023
5022
5024
5025
5024
5026
5025
5027
5028
5027
5029
5028
5030
5031
5030
5032
5031
5033
5034
5033
5035
5034
5036
5037
5036
5038
5037
5039
5040
5039
5041
5040
5042
5043
5042
5044
5043
5045
5046
5045
5047
5046
5048
5049
5048
5050
5049
5051
5052
5051
5055
5057
5052
5053
5058
5061
5062
5054
5064
5055
5058
5061
5139
5161
5162
5165
5166
5058
5064
5146
5175
5176
5179
5180
5057
5134
5154
5155
5158
5159
5059
5135
5155
5156
5157
5061
5065
5066
5067
5068
5062
5140
5168
5169
5172
5173
5141
5162
5163
5164
5063
5142
5169
5170
5171
5062
5069
5070
5071
5072
5064
5073
5074
5075
5076
5148
5176
5177
5178
5077
5078
5079
5080
5067
5068
5095
5154
5186
5187
5188
5189
5067
5068
5070
5098
5099
5100
5101
5071
5159
5182
5183
5184
5185
5097
5114
5115
5116
5117
5071
5072
5073
5161
5194
5195
5196
5197
5071
5072
5102
5103
5104
5105
5166
5190
5191
5192
5193
5076
5118
5119
5120
5121
5075
5076
5168
5202
5203
5204
5205
5075
5076
5078
5106
5107
5108
5109
5079
5173
5198
5199
5200
5201
5122
5123
5124
5125
5079
5080
5175
5210
5211
5212
5213
5079
5080
5110
5111
5112
5113
5180
5206
5207
5208
5209
5126
5127
5128
5129
5082
5083
5084
5086
5084
5088
5090
5087
5089
5087
5090
5091
5092
5089
5090
5091
5093
5091
5094
5094
5094
5096
5097
5150
5153
5187
5189
5215
5216
5214
5215
5216
5217
5100
5101
5114
5182
5100
5101
5103
5116
5105
5185
5104
5105
5118
5190
5104
5105
5120
5192
5108
5109
5122
5198
5108
5109
5111
5124
5113
5201
5112
5113
5126
5206
5112
5113
5128
5208
5116
5117
5186
5116
5117
5214
5189
5215
5120
5121
5194
5120
5121
5123
5125
5197
5124
5125
5202
5124
5125
5205
5128
5129
5211
5128
5129
5130
5131
5210
5131
5133
5134
5135
5137
5135
5139
5141
5155
5156
5158
5138
5140
5138
5141
5142
5144
5140
5141
5142
5146
5142
5162
5163
5165
5148
5169
5170
5172
5145
5147
5145
5148
5149
5147
5148
5149
5149
5176
5177
5179
5152
5153
5154
5152
5153
5156
5158
5160
5158
5159
5160
5158
5159
5162
5158
5160
5159
5160
5164
5183
5184
5166
5187
5188
5165
5166
5167
5168
5165
5166
5165
5167
5170
5166
5167
5191
5193
5172
5174
5195
5196
5172
5173
5174
5172
5173
5176
5172
5174
5173
5174
5178
5199
5200
5180
5203
5204
5179
5180
5181
5179
5180
5179
5181
5180
5181
5207
5209
5212
5213
5184
5185
5186
5184
5185
5191
5188
5192
5188
5189
5188
5189
5192
5193
5194
5192
5193
5196
5196
5197
5196
5197
5203
5205
5200
5201
5202
5200
5201
5207
5204
5208
5204
5205
5204
5205
5208
5209
5211
5208
5209
5213
5211
5212
5213
5213
5215
5217
5216
5217
5219
5238
6448
5220
5239
5221
5240
5222
5241
5223
5242
5224
5243
5225
5244
5226
5245
5227
5246
5228
5247
5435
5434
5435
5434
5437
5438
5599
5600
5601
5602
5437
5440
5441
5607
5608
5609
5610
5440
5443
5444
5615
5616
5617
5618
5443
5446
5447
5623
5624
5625
5626
5446
5449
5450
5631
5632
5633
5634
5449
5452
5453
5639
5640
5641
5642
5452
5455
5456
5647
5648
5649
5650
5455
5458
5459
5655
5656
5657
5658
5418
5458
5570
5571
5572
5573
5574
5576
5239
5258
6449
5240
5259
5241
5260
5242
5261
5243
5262
5244
5263
5245
5264
5246
5265
5247
5266
5248
5267
5462
5435
5461
5462
5438
5461
5546
5547
6047
6048
6049
6050
5441
5546
5823
5824
5444
5823
5826
5827
5447
5826
5829
5830
5450
5829
5832
5833
5453
5832
5835
5836
5456
5835
5838
5839
5459
5838
5841
5842
5418
5465
5841
5919
5921
5922
5924
5259
5278
6450
5260
5279
5261
5280
5262
5281
5263
5282
5264
5283
5265
5284
5266
5285
5267
5286
5268
5287
5468
5462
5467
5468
5467
5547
5549
5550
6055
6056
6057
6058
5549
5824
5844
5845
5272
5291
5827
5828
5844
5846
5273
5292
5830
5831
5274
5293
5833
5834
5275
5294
5836
5837
5276
5295
5839
5840
5848
5842
5847
5848
5465
5471
5847
5933
5934
5937
5938
5279
5298
6451
5280
5299
5281
5300
5282
5301
5283
5302
5284
5303
5285
5304
5286
5305
5287
5306
5288
5307
5474
5468
5473
5474
5473
5550
5552
5553
6063
6064
6065
6066
5552
5845
5850
5851
5292
5311
5850
5852
5293
5312
5294
5313
5295
5314
5296
5315
5854
5848
5853
5854
5471
5477
5853
5947
5948
5951
5952
5299
5318
6452
5300
5319
5301
5320
5302
5321
5303
5322
5304
5323
5305
5324
5306
5325
5307
5326
5308
5327
5480
5474
5479
5480
5479
5553
5555
5556
6071
6072
6073
6074
5555
5851
5856
5857
5312
5331
5856
5858
5313
5332
5314
5333
5315
5334
5316
5335
5860
5854
5859
5860
5477
5483
5859
5961
5962
5965
5966
5319
5338
6453
5320
5339
5321
5340
5322
5341
5323
5342
5324
5343
5325
5344
5326
5345
5327
5346
5328
5347
5486
5480
5485
5486
5485
5556
5558
5559
6079
6080
6081
6082
5558
5857
5862
5863
5332
5351
5862
5864
5333
5352
5334
5353
5335
5354
5336
5355
5866
5860
5865
5866
5483
5489
5865
5975
5976
5979
5980
5339
5358
6454
5340
5359
5341
5360
5342
5361
5343
5362
5344
5363
5345
5364
5346
5365
5347
5366
5348
5367
5492
5486
5491
5492
5491
5559
5561
5562
6087
6088
6089
6090
5561
5863
5868
5869
5352
5371
5868
5870
5353
5372
5354
5373
5355
5374
5356
5375
5872
5866
5871
5872
5489
5495
5871
5989
5990
5993
5994
5359
5378
6455
5360
5379
5361
5380
5362
5381
5363
5382
5364
5383
5365
5384
5366
5385
5367
5386
5368
5387
5498
5492
5497
5498
5497
5562
5564
5565
6095
6096
6097
6098
5564
5869
5874
5875
5372
5391
5874
5876
5883
5373
5392
5886
5374
5393
5889
5375
5394
5892
5376
5395
5878
5895
5872
5877
5878
5495
5501
5877
6003
6004
6007
6008
5379
5398
6456
5380
5399
5381
5400
5382
5401
5383
5402
5384
5403
5385
5404
5386
5405
5387
5406
5388
5407
5504
5498
5503
5504
5503
5565
5567
5568
6103
6104
6105
6106
5567
5875
5880
5881
5880
5883
5884
5883
5886
5887
5886
5889
5890
5889
5892
5893
5892
5895
5896
5878
5895
5898
5899
5501
5507
5898
6017
6018
6021
6022
5399
6457
5400
5401
5402
5403
5404
5405
5406
5407
5408
5510
5504
5509
5510
5509
5512
5513
5568
6031
6032
6033
6034
5512
5515
5516
5881
5420
5421
5515
5884
5420
5423
5424
5887
5423
5426
5427
5890
5426
5429
5430
5893
5429
5518
5519
5896
5518
5521
5522
5899
5433
5507
5521
5908
5909
5912
5913
5460
5901
5903
5905
5907
5464
5902
5903
5904
5422
5885
5422
5517
5795
5796
5797
5798
5424
5579
5580
5581
5582
5425
5888
5425
5583
5584
5585
5586
5427
5799
5800
5801
5802
5428
5891
5428
5526
5527
5528
5529
5430
5530
5531
5532
5533
5431
5894
5431
5803
5804
5805
5806
5519
5534
5535
5536
5537
5508
5909
5910
5911
5523
5538
5539
5540
5541
5542
5543
5436
5591
5592
5593
5594
5436
5438
5461
5595
5596
5597
5598
5439
5603
5604
5605
5606
5439
5915
5916
5917
5918
5441
5546
5442
5611
5612
5613
5614
5442
5444
5823
5445
5619
5620
5621
5622
5445
5447
5826
5448
5627
5628
5629
5630
5448
5450
5829
5451
5635
5636
5637
5638
5451
5453
5832
5454
5643
5644
5645
5646
5454
5456
5835
5457
5651
5652
5653
5654
5457
5459
5838
5460
5659
5660
5661
5662
5460
5841
5463
5663
5664
5665
5666
5463
5467
5547
5667
5668
5669
5670
5919
5920
5923
5843
5926
5928
5930
5932
5470
5927
5928
5929
5469
5675
5676
5677
5678
5469
5473
5550
5679
5680
5681
5682
5934
5935
5936
5849
5940
5942
5944
5946
5476
5941
5942
5943
5475
5687
5688
5689
5690
5475
5479
5553
5691
5692
5693
5694
5948
5949
5950
5855
5954
5956
5958
5960
5482
5955
5956
5957
5481
5699
5700
5701
5702
5481
5485
5556
5703
5704
5705
5706
5962
5963
5964
5861
5968
5970
5972
5974
5488
5969
5970
5971
5487
5711
5712
5713
5714
5487
5491
5559
5715
5716
5717
5718
5976
5977
5978
5867
5982
5984
5986
5988
5494
5983
5984
5985
5493
5723
5724
5725
5726
5493
5497
5562
5727
5728
5729
5730
5990
5991
5992
5873
5996
5998
6000
6002
5500
5997
5998
5999
5499
5735
5736
5737
5738
5499
5503
5565
5739
5740
5741
5742
6004
6005
6006
5879
6010
6012
6014
6016
5506
6011
6012
6013
5505
5747
5748
5749
5750
5505
5509
5568
5751
5752
5753
5754
6018
6019
6020
5900
6024
6026
6027
6029
6024
6025
6028
5511
5759
5760
5761
5762
5511
5513
5763
5764
5765
5766
5514
5569
5514
5767
5768
5769
5770
5516
5807
5808
5809
5810
5517
5882
5517
5811
5812
5813
5814
5815
5816
5817
5818
5520
5897
5520
5771
5772
5773
5774
5522
5775
5776
5777
5778
5523
5900
5523
5779
5780
5781
5782
5783
5784
5785
5786
5525
5570
5574
5577
6035
6036
6037
6038
5573
5576
5787
5788
5789
5790
5528
5529
5530
5528
5529
5800
5801
5533
5532
5533
5532
5533
5804
5805
5536
5537
5803
5536
5537
5771
5772
5806
5540
5541
5544
5540
5541
5783
5784
5545
5543
5544
5908
6039
6040
6041
6042
5545
5791
5792
5793
5794
5545
5587
6043
6044
6045
6046
5819
5820
5821
5822
5548
5548
6051
6052
6053
6054
5549
5824
5551
5551
6059
6060
6061
6062
5552
5845
5554
5554
6067
6068
6069
6070
5555
5851
5557
5557
6075
6076
6077
6078
5558
5857
5560
5560
6083
6084
6085
6086
5561
5863
5563
5563
6091
6092
6093
6094
5564
5869
5566
5566
6099
6100
6101
6102
5567
5875
5569
5569
6107
6108
6109
6110
5881
5572
5573
5572
5573
5659
5660
5575
5576
5901
5906
6036
6037
6112
6113
6111
6112
6113
6114
5578
5901
6119
6120
6121
6122
5671
5907
6115
6116
6117
6118
5581
5582
5795
5581
5582
5584
5585
5798
5585
5586
5799
5585
5586
5802
5588
5908
6127
6128
6129
6130
5757
5912
6123
6124
6125
6126
5590
5791
5794
5593
5594
5595
5593
5594
5600
5597
5601
5597
5598
5597
5598
5664
5916
5917
5665
5601
5602
5603
5915
5601
5602
5917
5606
5605
5606
5605
5606
5608
5609
5609
5610
5611
5609
5610
5614
5613
5614
5613
5614
5616
5617
5617
5618
5619
5617
5618
5622
5621
5622
5621
5622
5624
5625
5625
5626
5627
5625
5626
5630
5629
5630
5629
5630
5632
5633
5633
5634
5635
5633
5634
5638
5637
5638
5637
5638
5640
5641
5641
5642
5643
5641
5642
5646
5645
5646
5645
5646
5648
5649
5649
5650
5651
5649
5650
5654
5653
5654
5653
5654
5656
5657
5657
5658
5661
5657
5658
5662
5660
5662
5661
5662
5665
5666
5667
5665
5666
6047
5669
6049
5669
5670
5669
5670
5676
6051
6052
5677
5672
5921
6131
6132
6133
6134
5673
5922
6135
6136
6137
6138
5674
5926
6143
6144
6145
6146
5684
5932
6139
6140
6141
6142
5677
5678
5679
5677
5678
6055
5681
6056
5681
5682
5681
5682
5688
6059
6060
5689
5684
5685
5933
6151
6152
6153
6154
5937
6147
6148
6149
6150
5686
5940
6159
6160
6161
6162
5696
5946
6155
6156
6157
6158
5689
5690
5691
5689
5690
6063
5693
6064
5693
5694
5693
5694
5700
6067
6068
5701
5696
5697
5947
6167
6168
6169
6170
5951
6163
6164
6165
6166
5698
5954
6175
6176
6177
6178
5708
5960
6171
6172
6173
6174
5701
5702
5703
5701
5702
6071
5705
6072
5705
5706
5705
5706
5712
6075
6076
5713
5708
5709
5961
6183
6184
6185
6186
5965
6179
6180
6181
6182
5710
5968
6191
6192
6193
6194
5720
5974
6187
6188
6189
6190
5713
5714
5715
5713
5714
6079
5717
6080
5717
5718
5717
5718
5724
6083
6084
5725
5720
5721
5975
6199
6200
6201
6202
5979
6195
6196
6197
6198
5722
5982
6207
6208
6209
6210
5732
5988
6203
6204
6205
6206
5725
5726
5727
5725
5726
6087
5729
6088
5729
5730
5729
5730
5736
6091
6092
5737
5732
5733
5989
6215
6216
6217
6218
5993
6211
6212
6213
6214
5734
5996
6223
6224
6225
6226
5744
6002
6219
6220
6221
6222
5737
5738
5739
5737
5738
6095
5741
6096
5741
5742
5741
5742
5748
6099
6100
5749
5744
5745
6003
6231
6232
6233
6234
6007
6227
6228
6229
6230
5746
6010
6239
6240
6241
6242
5756
6016
6235
6236
6237
6238
5749
5750
5751
5749
5750
6103
5753
6104
5753
5754
5753
5754
5760
6107
6108
5761
5756
5758
6017
6247
6248
6249
6250
6021
6243
6244
6245
6246
5758
6026
6251
6252
6253
6254
6027
6255
6256
6257
6258
5761
5762
5763
5761
5762
6032
5765
6034
5765
5766
5765
5766
5768
5769
5769
5770
5807
6031
5769
5770
6034
5810
5772
5773
5774
5774
5776
5777
5776
5778
5779
5777
5778
5782
5780
5782
5781
5785
5782
5786
5784
5785
5786
5786
5789
5790
6035
5789
5790
6111
6037
6112
5793
5794
6039
5793
5794
5820
5821
6042
5797
5798
5797
5798
5815
5816
5801
5802
5801
5802
5805
5806
5805
5806
5809
5810
5809
5810
5812
5813
5813
5814
5817
5813
5814
5818
5816
5818
5817
5818
5821
5822
6043
5821
5822
6046
5825
5825
5827
5844
5828
5828
5830
5831
5831
5833
5834
5834
5836
5837
5837
5839
5840
5840
5842
5843
5843
5847
5846
5846
5850
5849
5849
5853
5852
5852
5856
5855
5855
5859
5858
5858
5862
5861
5861
5865
5864
5864
5868
5867
5867
5871
5870
5870
5874
5873
5873
5877
5876
5876
5880
5879
5879
5898
5882
5882
5884
5885
5885
5887
5888
5888
5890
5891
5891
5893
5894
5894
5896
5897
5897
5899
5900
5900
5905
5906
5907
5905
5906
5905
5907
5919
5906
5907
5920
6116
6117
6119
6122
5921
5912
5913
5914
5912
5913
6024
5912
5914
6025
6124
6125
5913
5914
6026
6040
6041
6127
6130
5917
5918
5917
5918
6047
6048
5921
5924
5921
5925
6132
6134
5922
5924
5925
5926
5924
5925
5927
5930
5931
6136
6137
5930
5931
5932
5930
5931
5930
5932
5934
5931
5932
5935
6140
6141
6144
6146
5937
5937
5938
5939
5940
5937
5938
5937
5939
6148
6150
5938
5939
5941
5944
5945
6152
6153
5944
5945
5946
5944
5945
5944
5946
5948
5945
5946
5949
6156
6157
6160
6162
5951
5951
5952
5953
5954
5951
5952
5951
5953
6164
6166
5952
5953
5955
5958
5959
6168
6169
5958
5959
5960
5958
5959
5958
5960
5962
5959
5960
5963
6172
6173
6176
6178
5965
5965
5966
5967
5968
5965
5966
5965
5967
6180
6182
5966
5967
5969
5972
5973
6184
6185
5972
5973
5974
5972
5973
5972
5974
5976
5973
5974
5977
6188
6189
6192
6194
5979
5979
5980
5981
5982
5979
5980
5979
5981
6196
6198
5980
5981
5983
5986
5987
6200
6201
5986
5987
5988
5986
5987
5986
5988
5990
5987
5988
5991
6204
6205
6208
6210
5993
5993
5994
5995
5996
5993
5994
5993
5995
6212
6214
5994
5995
5997
6000
6001
6216
6217
6000
6001
6002
6000
6001
6000
6002
6004
6001
6002
6005
6220
6221
6224
6226
6007
6007
6008
6009
6010
6007
6008
6007
6009
6228
6230
6008
6009
6011
6014
6015
6232
6233
6014
6015
6016
6014
6015
6014
6016
6018
6015
6016
6019
6236
6237
6240
6242
6021
6021
6022
6023
6027
6021
6022
6021
6023
6244
6246
6022
6023
6028
6029
6030
6248
6249
6026
6029
6026
6030
6252
6254
6027
6029
6030
6029
6030
6256
6258
6033
6034
6033
6034
6107
6109
6037
6038
6037
6038
6119
6120
6041
6042
6041
6042
6044
6046
6045
6046
6045
6046
6127
6128
6048
6049
6050
6050
6052
6053
6052
6054
6055
6053
6054
6058
6056
6058
6057
6060
6058
6061
6060
6062
6063
6061
6062
6066
6064
6066
6065
6068
6066
6069
6068
6070
6071
6069
6070
6074
6072
6074
6073
6076
6074
6077
6076
6078
6079
6077
6078
6082
6080
6082
6081
6084
6082
6085
6084
6086
6087
6085
6086
6090
6088
6090
6089
6092
6090
6093
6092
6094
6095
6093
6094
6098
6096
6098
6097
6100
6098
6101
6100
6102
6103
6101
6102
6106
6104
6106
6105
6108
6106
6110
6108
6109
6110
6110
6112
6114
6113
6114
6117
6118
6121
6117
6118
6132
6122
6133
6120
6122
6121
6122
6125
6126
6129
6125
6126
6252
6130
6253
6128
6130
6129
6130
6133
6134
6135
6133
6134
6137
6137
6138
6137
6138
6144
6145
6141
6142
6143
6141
6142
6148
6146
6149
6145
6146
6145
6146
6149
6150
6151
6149
6150
6153
6153
6154
6153
6154
6160
6161
6157
6158
6159
6157
6158
6164
6162
6165
6161
6162
6161
6162
6165
6166
6167
6165
6166
6169
6169
6170
6169
6170
6176
6177
6173
6174
6175
6173
6174
6180
6178
6181
6177
6178
6177
6178
6181
6182
6183
6181
6182
6185
6185
6186
6185
6186
6192
6193
6189
6190
6191
6189
6190
6196
6194
6197
6193
6194
6193
6194
6197
6198
6199
6197
6198
6201
6201
6202
6201
6202
6208
6209
6205
6206
6207
6205
6206
6212
6210
6213
6209
6210
6209
6210
6213
6214
6215
6213
6214
6217
6217
6218
6217
6218
6224
6225
6221
6222
6223
6221
6222
6228
6226
6229
6225
6226
6225
6226
6229
6230
6231
6229
6230
6233
6233
6234
6233
6234
6240
6241
6237
6238
6239
6237
6238
6244
6242
6245
6241
6242
6241
6242
6245
6246
6247
6245
6246
6249
6249
6250
6249
6250
6256
6257
6253
6254
6255
6253
6254
6258
6257
6258
6257
6258
6260
6262
6261
6263
6264
6428
6263
6265
6264
6266
6267
6429
6266
6268
6267
6269
6270
6430
6269
6271
6270
6272
6273
6431
6272
6274
6273
6275
6276
6432
6275
6277
6276
6278
6279
6433
6278
6280
6279
6281
6282
6434
6281
6283
6282
6284
6285
6435
6284
6285
6286
6287
6436
6287
6437
6289
6301
6418
6290
6302
6291
6303
6292
6304
6293
6305
6294
6306
6295
6307
6296
6308
6297
6309
6298
6310
6299
6311
6300
6312
6313
6438
6302
6314
6419
6303
6315
6304
6316
6305
6317
6306
6318
6307
6319
6308
6320
6309
6321
6310
6322
6311
6323
6312
6324
6313
6325
6326
6439
6315
6327
6420
6316
6328
6317
6329
6318
6330
6319
6331
6320
6332
6321
6333
6322
6334
6323
6335
6324
6336
6325
6337
6326
6338
6339
6440
6328
6340
6421
6329
6341
6330
6342
6331
6343
6332
6344
6333
6345
6334
6346
6335
6347
6336
6348
6337
6349
6338
6350
6339
6351
6352
6441
6341
6353
6422
6342
6354
6343
6355
6344
6356
6345
6357
6346
6358
6347
6359
6348
6360
6349
6361
6350
6362
6351
6363
6352
6364
6365
6442
6354
6366
6423
6355
6367
6356
6368
6357
6369
6358
6370
6359
6371
6360
6372
6361
6373
6362
6374
6363
6375
6364
6376
6365
6377
6378
6443
6367
6379
6424
6368
6380
6369
6381
6370
6382
6371
6383
6372
6384
6373
6385
6374
6386
6375
6387
6376
6388
6377
6389
6378
6390
6391
6444
6380
6392
6425
6381
6393
6382
6394
6383
6395
6384
6396
6385
6397
6386
6398
6387
6399
6388
6400
6389
6401
6390
6402
6391
6403
6404
6445
6393
6405
6426
6394
6406
6395
6407
6396
6408
6397
6409
6398
6410
6399
6411
6400
6412
6401
6413
6402
6414
6403
6415
6404
6416
6417
6446
6406
6427
6407
6408
6409
6410
6411
6412
6413
6414
6415
6416
6417
6447
6419
6428
6420
6429
6421
6430
6422
6431
6423
6432
6424
6433
6425
6434
6426
6435
6427
6436
6437
6429
6430
6431
6432
6433
6434
6435
6436
6437
6439
6448
6440
6449
6441
6450
6442
6451
6443
6452
6444
6453
6445
6454
6446
6455
6447
6456
6457
6449
6450
6451
6452
6453
6454
6455
6456
6457
)


// ************************************************************************* //
