/*--------------------------------*- C++ -*----------------------------------*\
  =========                 |
  \\      /  F ield         | OpenFOAM: The Open Source CFD Toolbox
   \\    /   O peration     | Website:  https://openfoam.org
    \\  /    A nd           | Version:  7
     \\/     M anipulation  |
\*---------------------------------------------------------------------------*/
FoamFile
{
    version     2.0;
    format      ascii;
    class       labelList;
    location    "constant/polyMesh";
    object      pointProcAddressing;
}
// * * * * * * * * * * * * * * * * * * * * * * * * * * * * * * * * * * * * * //


10030
(
64190
101404
101405
64191
101406
101407
101408
101409
101410
64192
101411
101412
101413
64193
101414
101415
101416
64194
101417
101418
101419
64195
101420
101421
101422
64196
101423
101424
101425
64197
101426
101427
101428
64198
101429
101430
1219
1166
101431
101432
101433
1223
101434
101435
101436
101437
101438
101439
101440
101441
101442
101443
101444
101445
101446
101447
101448
101449
101450
101451
101452
101453
101454
101455
101456
101457
101458
101459
101460
101461
101462
101463
101464
101465
101466
101467
101468
101469
101470
101471
101472
101473
101474
101475
101476
101477
101478
101479
101480
101481
101482
101483
101484
101485
101486
101487
101488
101489
101490
101491
101492
101493
101494
101495
101496
101497
101498
101499
101500
101501
101502
101503
101504
101505
101506
101507
101508
101509
101510
101511
101512
101513
101514
101515
101516
101517
101518
101519
101520
101521
101522
101523
101524
101525
101526
101527
101528
101529
101530
101531
101532
101533
101534
101535
101536
101537
101538
101539
101540
101541
101542
101543
101544
101545
101546
101547
101548
101549
101550
101551
101552
101553
101554
101555
101556
101557
101558
101559
101560
101561
101562
101563
101564
101565
101566
101567
101568
101569
101570
101571
101572
101573
101574
101575
101576
101577
101578
101579
101580
101581
101582
101583
101584
101585
101586
101587
101588
101589
101590
101591
101592
101593
101594
101595
101596
101597
101598
101599
101600
101601
101602
101603
101604
101605
101606
101607
101608
101609
101610
101037
101040
101058
101068
101078
101088
101098
101108
101118
101128
101138
101611
101612
101613
101614
101615
101616
101617
101618
101619
101620
101621
101622
101623
101624
101625
101626
101627
101628
101629
101630
101631
101632
101633
101634
101635
101636
101637
101638
101639
101640
101641
101642
101643
101644
101645
101646
101647
101648
101649
101650
101651
101652
101653
101654
101655
101656
101657
101658
101659
101660
101661
101662
101663
101664
101665
101666
101667
101668
101669
101670
101671
101672
101673
101674
101675
101676
101677
101678
101679
101680
101681
101682
101683
101684
101685
101686
101687
101688
101689
101690
101691
101692
101693
101694
101695
101696
101697
101698
101699
101700
101701
101702
101703
101704
101705
101706
101707
101708
101709
101710
101711
101712
101713
101714
101715
101716
101717
101718
101719
101720
101721
101722
101723
101724
101725
101726
101727
101728
101729
101730
101731
101732
101733
101734
101735
101736
101737
101738
101739
101740
101741
101742
101743
101744
101745
101746
101747
101748
101749
101750
101751
101752
101753
101754
101755
101756
101757
101758
101759
101760
101761
101762
101763
101764
101765
101766
101767
101768
101769
101770
101771
101772
101773
101774
101775
101776
101777
101778
101779
101780
101781
101782
101783
101784
101785
101786
101787
101788
101789
101790
101791
101792
101793
101794
101795
101796
101797
101798
101799
101800
101801
101802
101803
101804
101805
101806
101807
101808
101809
101810
101811
101812
101813
101814
101815
101816
101817
101818
101819
101820
101821
101822
101823
101824
101825
101826
101827
101828
101829
101830
101831
101832
101833
101834
101835
101836
101837
101838
101839
101840
101841
101842
101843
101844
101845
101846
101847
101848
101849
101850
101851
101852
101853
101854
101855
101856
101857
101858
101859
101860
101861
101862
101863
101864
101865
101866
101867
101868
101869
101870
101871
101872
101873
101874
101875
101876
101877
101878
101879
101880
101881
101882
101883
101884
101885
101886
101887
101888
101889
101890
101891
101892
101893
101894
101895
101896
101897
101898
101899
101900
101901
101902
101903
101904
101905
101906
101907
101908
101909
101910
101911
101912
101913
101914
101915
101916
101917
101918
101919
101920
101921
101922
101923
101924
101925
101926
101927
101928
101929
101930
101931
101932
101933
101934
101935
101936
101937
101938
101939
101940
101941
101942
101943
101944
101945
101946
101947
101948
101949
101950
101951
101952
101953
101954
101955
101956
101957
101958
101959
101960
101961
101962
101963
101964
101965
101966
101967
101968
101969
101970
101971
101972
101973
101974
101975
101976
101977
101978
101979
101980
101981
101982
101983
101984
101985
101986
101987
101988
101989
101990
101991
101992
101993
101994
101995
101996
101997
101998
101999
102000
102001
102002
102003
102004
102005
102006
102007
102008
102009
102010
102011
102012
102013
102014
102015
102016
102017
102018
102019
102020
102021
102022
102023
102024
102025
102026
102027
102028
102029
102030
102031
102032
102033
102034
102035
102036
102037
102038
102039
102040
102041
102042
102043
102044
102045
102046
102047
102048
102049
102050
102051
102052
102053
102054
102055
102056
102057
102058
102059
102060
102061
102062
102063
102064
102065
102066
102067
102068
102069
102070
102071
102072
102073
102074
102075
102076
102077
102078
102079
102080
102081
102082
102083
102084
102085
102086
102087
102088
102089
102090
102091
102092
102093
102094
102095
102096
102097
102098
102099
102100
102101
102102
102103
102104
102105
102106
102107
102108
102109
102110
102111
102112
102113
102114
102115
102116
102117
102118
102119
102120
102121
102122
102123
102124
102125
102126
102127
102128
102129
102130
102131
102132
102133
102134
102135
102136
102137
102138
102139
102140
102141
102142
102143
102144
102145
102146
102147
102148
102149
102150
102151
102152
102153
102154
102155
102156
102157
102158
102159
102160
102161
102162
102163
102164
102165
102166
102167
102168
102169
102170
102171
102172
102173
102174
102175
102176
102177
102178
102179
102180
102181
102182
102183
102184
102185
102186
102187
102188
102189
102190
102191
102192
102193
102194
102195
102196
102197
102198
102199
102200
102201
102202
102203
102204
102205
102206
102207
102208
102209
102210
102211
102212
102213
102214
102215
102216
102217
102218
102219
102220
102221
102222
102223
102224
102225
102226
102227
102228
102229
102230
102231
102232
102233
102234
102235
102236
102237
102238
102239
102240
102241
102242
102243
102244
102245
102246
102247
102248
102249
102250
102251
102252
102253
102254
102255
102256
102257
102258
102259
102260
102261
102262
102263
102264
102265
102266
102267
102268
102269
102270
102271
102272
102273
102274
102275
102276
102277
102278
102279
102280
102281
102282
102283
102284
102285
102286
102287
102288
102289
102290
102291
102292
102293
102294
102295
102296
102297
102298
102299
102300
102301
102302
102303
102304
102305
102306
102307
102308
102309
102310
102311
102312
102313
102314
102315
102316
102317
102318
102319
102320
102321
102322
102323
102324
102325
102326
102327
102328
102329
102330
102331
102332
102333
102334
102335
102336
102337
102338
102339
102340
102341
102342
102343
102344
102345
102346
102347
102348
102349
102350
102351
102352
102353
102354
102355
102356
102357
102358
102359
102360
102361
102362
102363
102364
102365
102366
102367
102368
102369
102370
102371
102372
102373
102374
102375
102376
102377
102378
102379
102380
102381
102382
102383
102384
102385
102386
102387
102388
102389
102390
102391
102392
102393
102394
102395
102396
102397
102398
102399
102400
102401
102402
102403
102404
102405
102406
102407
102408
102409
102410
102411
102412
102413
102414
102415
102416
102417
102418
102419
102420
102421
102422
102423
102424
102425
102426
102427
102428
102429
102430
102431
102432
102433
102434
102435
102436
102437
102438
102439
102440
102441
102442
102443
102444
102445
102446
102447
102448
102449
102450
102451
102452
102453
102454
102455
102456
102457
102458
102459
102460
102461
102462
102463
102464
102465
102466
102467
102468
102469
102470
102471
102472
102473
102474
102475
102476
102477
102478
102479
102480
102481
102482
102483
102484
102485
102486
102487
102488
102489
102490
102491
102492
102493
102494
102495
102496
102497
102498
102499
102500
102501
102502
102503
102504
102505
102506
102507
102508
102509
102510
102511
102512
102513
102514
102515
102516
102517
102518
102519
102520
102521
102522
102523
102524
102525
102526
102527
102528
102529
102530
102531
102532
102533
102534
102535
102536
102537
102538
102539
102540
102541
102542
102543
102544
102545
102546
102547
102548
102549
102550
102551
102552
102553
102554
102555
102556
102557
102558
102559
102560
102561
102562
102563
102564
102565
102566
102567
102568
102569
102570
102571
102572
102573
102574
102575
102576
102577
102578
102579
102580
102581
102582
102583
102584
102585
102586
102587
102588
102589
102590
102591
102592
102593
102594
102595
102596
102597
102598
102599
102600
102601
102602
102603
102604
102605
102606
102607
102608
102609
102610
102611
102612
102613
102614
102615
102616
102617
102618
102619
102620
102621
102622
102623
102624
102625
102626
102627
102628
102629
102630
102631
102632
102633
102634
102635
102636
102637
102638
102639
102640
102641
102642
102643
102644
102645
102646
102647
102648
102649
102650
102651
102652
102653
102654
102655
102656
102657
102658
102659
102660
102661
102662
102663
102664
102665
102666
102667
102668
102669
102670
102671
102672
102673
102674
102675
102676
102677
102678
102679
102680
102681
102682
102683
102684
102685
102686
102687
102688
102689
102690
102691
102692
102693
102694
102695
102696
102697
102698
102699
102700
102701
102702
102703
102704
102705
102706
102707
102708
102709
102710
102711
102712
102713
102714
102715
102716
102717
102718
102719
102720
102721
102722
102723
102724
102725
102726
102727
102728
102729
102730
102731
102732
102733
102734
102735
102736
102737
102738
102739
102740
102741
102742
102743
102744
102745
102746
102747
102748
102749
102750
102751
102752
102753
102754
102755
102756
102757
102758
102759
102760
102761
102762
102763
102764
102765
102766
102767
102768
102769
102770
102771
102772
102773
102774
102775
102776
102777
102778
102779
102780
102781
102782
102783
102784
102785
102786
102787
102788
102789
102790
102791
102792
102793
102794
102795
102796
102797
102798
102799
102800
102801
102802
102803
102804
102805
102806
102807
102808
102809
102810
102811
102812
102813
102814
102815
102816
102817
102818
102819
102820
102821
102822
102823
102824
102825
102826
102827
102828
102829
102830
102831
102832
102833
102834
102835
102836
102837
102838
102839
102840
102841
102842
102843
102844
102845
102846
102847
102848
102849
102850
102851
102852
102853
102854
102855
102856
102857
102858
102859
102860
102861
102862
102863
102864
102865
102866
102867
102868
102869
102870
102871
102872
102873
102874
102875
102876
102877
102878
102879
102880
102881
102882
102883
102884
102885
102886
102887
102888
102889
102890
102891
102892
102893
102894
102895
102896
102897
102898
102899
102900
102901
102902
102903
102904
102905
102906
102907
102908
102909
102910
102911
102912
102913
102914
102915
102916
102917
102918
102919
102920
102921
102922
102923
102924
102925
102926
102927
102928
102929
102930
102931
102932
102933
102934
102935
102936
102937
102938
102939
102940
102941
102942
102943
102944
102945
102946
102947
102948
102949
102950
102951
102952
102953
102954
102955
102956
102957
102958
102959
102960
102961
102962
102963
102964
102965
102966
102967
102968
102969
102970
102971
102972
102973
102974
102975
102976
102977
102978
102979
102980
102981
102982
102983
102984
102985
102986
102987
102988
102989
102990
102991
102992
102993
102994
102995
102996
102997
102998
102999
103000
103001
103002
103003
103004
103005
103006
103007
103008
103009
103010
103011
103012
103013
103014
103015
103016
103017
103018
103019
103020
103021
103022
103023
103024
103025
103026
103027
103028
103029
103030
103031
103032
103033
103034
103035
103036
103037
103038
103039
103040
103041
103042
103043
103044
103045
103046
103047
103048
103049
103050
103051
103052
103053
103054
103055
103056
103057
103058
103059
103060
103061
103062
103063
103064
103065
103066
103067
103068
103069
103070
103071
103072
103073
103074
103075
103076
103077
103078
103079
103080
103081
103082
103083
103084
103085
103086
103087
103088
103089
103090
103091
103092
103093
103094
103095
103096
103097
103098
103099
103100
103101
103102
103103
103104
103105
103106
103107
103108
103109
103110
103111
103112
103113
103114
103115
103116
103117
103118
103119
103120
103121
103122
103123
103124
103125
103126
103127
103128
103129
103130
103131
103132
103133
103134
103135
103136
103137
103138
103139
103140
103141
103142
103143
103144
103145
103146
103147
103148
103149
103150
103151
103152
103153
103154
103155
103156
103157
103158
103159
103160
103161
103162
103163
103164
103165
103166
103167
103168
103169
103170
103171
103172
103173
103174
103175
103176
103177
103178
103179
103180
103181
103182
103183
103184
103185
103186
103187
103188
103189
103190
103191
103192
103193
103194
103195
103196
103197
103198
103199
103200
103201
103202
103203
103204
103205
103206
103207
103208
103209
103210
103211
103212
103213
103214
103215
103216
103217
103218
103219
103220
103221
103222
103223
103224
103225
103226
103227
103228
103229
103230
103231
103232
103233
103234
103235
103236
103237
103238
103239
103240
103241
103242
103243
103244
103245
103246
103247
103248
103249
103250
103251
103252
103253
103254
103255
103256
103257
103258
103259
103260
103261
103262
103263
103264
103265
103266
103267
103268
103269
103270
103271
103272
103273
103274
103275
103276
103277
103278
103279
103280
103281
103282
103283
103284
103285
103286
103287
103288
103289
103290
103291
103292
103293
103294
103295
103296
103297
103298
103299
103300
103301
103302
103303
103304
103305
103306
103307
103308
103309
103310
103311
103312
103313
103314
103315
103316
103317
103318
103319
103320
103321
103322
103323
103324
103325
103326
103327
103328
103329
103330
103331
103332
103333
103334
103335
103336
103337
103338
103339
103340
103341
103342
103343
103344
103345
103346
103347
103348
103349
103350
103351
103352
103353
103354
103355
103356
103357
103358
103359
103360
103361
103362
103363
103364
103365
103366
103367
103368
103369
103370
103371
103372
103373
103374
103375
103376
103377
103378
103379
103380
103381
103382
103383
103384
103385
103386
103387
103388
103389
103390
103391
103392
103393
103394
103395
103396
103397
103398
103399
103400
103401
103402
103403
103404
103405
103406
103407
103408
103409
103410
103411
103412
103413
103414
103415
103416
103417
103418
103419
103420
103421
103422
103423
103424
103425
103426
103427
103428
103429
103430
103431
103432
103433
103434
103435
103436
103437
103438
103439
103440
103441
103442
103443
103444
103445
103446
103447
103448
103449
103450
103451
103452
103453
103454
103455
103456
103457
103458
103459
103460
103461
103462
103463
103464
103465
103466
103467
103468
103469
103470
103471
103472
103473
103474
103475
103476
103477
103478
103479
103480
103481
103482
103483
103484
103485
103486
103487
103488
103489
103490
103491
103492
103493
103494
103495
103496
103497
103498
103499
103500
103501
103502
103503
103504
103505
103506
103507
103508
103509
103510
103511
103512
103513
103514
103515
103516
103517
103518
103519
103520
103521
103522
103523
103524
103525
103526
103527
103528
103529
103530
103531
103532
103533
103534
103535
103536
103537
103538
103539
103540
103541
103542
103543
103544
103545
103546
103547
103548
103549
103550
103551
103552
103553
103554
103555
103556
103557
103558
103559
103560
103561
103562
103563
103564
103565
103566
103567
103568
103569
103570
103571
103572
103573
103574
103575
103576
103577
103578
103579
103580
103581
103582
103583
103584
103585
103586
103587
103588
103589
103590
103591
103592
103593
103594
103595
103596
103597
103598
103599
103600
103601
103602
103603
103604
103605
103606
103607
103608
103609
103610
103611
103612
103613
103614
103615
103616
103617
103618
103619
103620
103621
103622
103623
103624
103625
103626
103627
103628
103629
103630
103631
103632
103633
103634
103635
103636
103637
103638
103639
103640
103641
103642
103643
103644
103645
103646
103647
103648
103649
103650
103651
103652
103653
103654
103655
103656
103657
103658
103659
103660
103661
103662
103663
103664
103665
103666
103667
103668
103669
103670
103671
103672
103673
103674
103675
103676
103677
103678
103679
103680
103681
103682
103683
103684
103685
103686
103687
103688
103689
103690
103691
103692
103693
103694
103695
103696
103697
103698
103699
103700
103701
103702
103703
103704
103705
103706
103707
103708
103709
103710
103711
103712
103713
103714
103715
103716
103717
103718
103719
103720
103721
103722
103723
103724
103725
103726
103727
103728
103729
103730
103731
103732
103733
103734
103735
103736
103737
103738
103739
103740
103741
103742
103743
103744
103745
103746
103747
103748
103749
103750
103751
103752
103753
103754
103755
103756
103757
103758
103759
103760
103761
103762
103763
103764
103765
103766
103767
103768
103769
103770
103771
103772
103773
103774
103775
103776
103777
103778
103779
103780
103781
103782
103783
103784
103785
103786
103787
103788
103789
103790
103791
103792
103793
103794
103795
103796
103797
103798
103799
103800
103801
103802
103803
103804
103805
103806
103807
103808
103809
103810
103811
103812
103813
103814
103815
103816
103817
103818
103819
103820
103821
103822
103823
103824
103825
103826
103827
103828
103829
103830
103831
103832
103833
103834
103835
103836
103837
103838
103839
103840
103841
103842
103843
103844
103845
103846
103847
103848
103849
103850
103851
103852
103853
103854
103855
103856
103857
103858
103859
103860
103861
103862
103863
103864
103865
103866
103867
103868
103869
103870
103871
103872
103873
103874
103875
103876
103877
103878
103879
103880
103881
103882
103883
103884
103885
103886
103887
103888
103889
103890
103891
103892
103893
103894
103895
103896
103897
103898
103899
103900
103901
103902
103903
103904
103905
103906
103907
103908
103909
103910
103911
103912
103913
103914
103915
103916
103917
103918
103919
103920
103921
103922
103923
103924
103925
103926
103927
103928
103929
103930
103931
103932
103933
103934
103935
103936
103937
103938
103939
103940
103941
103942
103943
103944
103945
103946
103947
103948
103949
103950
103951
103952
103953
103954
103955
103956
103957
103958
103959
103960
103961
103962
103963
103964
103965
103966
103967
103968
103969
103970
103971
103972
103973
103974
103975
103976
103977
103978
103979
103980
103981
103982
103983
103984
103985
103986
103987
103988
103989
103990
103991
103992
103993
103994
103995
103996
103997
103998
103999
104000
104001
104002
104003
104004
104005
104006
104007
104008
104009
104010
104011
104012
104013
104014
104015
104016
104017
104018
104019
104020
104021
104022
104023
104024
104025
104026
104027
104028
104029
104030
104031
104032
104033
104034
104035
104036
104037
104038
104039
104040
104041
104042
104043
104044
104045
104046
104047
104048
104049
104050
104051
104052
104053
104054
104055
104056
104057
104058
104059
104060
104061
104062
104063
104064
104065
104066
104067
104068
104069
104070
104071
104072
104073
104074
104075
104076
104077
104078
104079
104080
104081
104082
104083
104084
104085
104086
104087
104088
104089
104090
104091
104092
104093
104094
104095
104096
104097
104098
104099
104100
104101
104102
104103
104104
104105
104106
104107
104108
104109
104110
104111
104112
104113
104114
104115
104116
104117
104118
104119
104120
104121
104122
104123
104124
104125
104126
104127
104128
104129
104130
104131
104132
104133
104134
104135
104136
104137
104138
104139
104140
104141
104142
104143
104144
104145
104146
104147
104148
104149
104150
104151
104152
104153
104154
104155
104156
104157
104158
104159
104160
104161
104162
104163
104164
104165
104166
104167
104168
104169
104170
104171
104172
104173
104174
104175
104176
104177
104178
104179
104180
104181
104182
104183
104184
104185
104186
104187
104188
104189
104190
104191
104192
104193
104194
104195
104196
104197
104198
104199
104200
104201
104202
104203
104204
104205
104206
104207
104208
104209
104210
104211
104212
104213
104214
104215
104216
104217
104218
104219
104220
104221
104222
104223
104224
104225
104226
104227
104228
104229
104230
104231
104232
104233
104234
104235
104236
104237
104238
104239
104240
104241
104242
104243
104244
104245
104246
104247
104248
104249
104250
104251
104252
104253
104254
104255
104256
104257
104258
104259
104260
104261
104262
104263
104264
104265
104266
104267
104268
104269
104270
104271
104272
104273
104274
104275
104276
104277
104278
104279
104280
104281
104282
104283
104284
104285
104286
104287
104288
104289
104290
104291
104292
104293
104294
104295
104296
104297
104298
104299
104300
104301
104302
104303
104304
104305
104306
104307
104308
104309
104310
104311
104312
104313
104314
104315
104316
104317
104318
104319
104320
104321
104322
104323
104324
104325
104326
104327
104328
104329
104330
104331
104332
104333
104334
104335
104336
104337
104338
104339
104340
104341
104342
104343
104344
104345
104346
104347
104348
104349
104350
104351
104352
104353
104354
104355
104356
104357
104358
104359
104360
104361
104362
104363
104364
104365
104366
104367
104368
104369
104370
104371
104372
104373
104374
104375
104376
104377
104378
104379
104380
104381
104382
104383
104384
104385
104386
104387
104388
104389
104390
104391
104392
104393
104394
104395
104396
104397
104398
104399
104400
104401
104402
104403
104404
104405
104406
104407
104408
104409
104410
104411
104412
104413
104414
104415
104416
104417
104418
104419
104420
104421
104422
104423
104424
104425
104426
104427
104428
104429
104430
104431
104432
104433
104434
104435
104436
104437
104438
104439
104440
104441
104442
104443
104444
104445
104446
104447
104448
104449
104450
104451
104452
104453
104454
104455
104456
104457
104458
104459
104460
104461
104462
104463
104464
104465
104466
104467
104468
104469
104470
104471
104472
104473
104474
104475
104476
104477
104478
104479
104480
104481
104482
104483
104484
104485
104486
104487
104488
104489
104490
104491
104492
104493
104494
104495
104496
104497
104498
104499
104500
104501
104502
104503
104504
104505
104506
104507
104508
104509
104510
104511
104512
104513
104514
104515
104516
104517
104518
104519
104520
104521
104522
104523
104524
104525
104526
104527
104528
104529
104530
104531
104532
104533
104534
104535
104536
104537
104538
104539
104540
104541
104542
104543
104544
104545
104546
104547
104548
104549
104550
104551
104552
104553
104554
104555
104556
104557
104558
104559
104560
104561
104562
104563
104564
104565
104566
104567
104568
104569
104570
104571
104572
104573
104574
104575
104576
104577
104578
104579
104580
104581
104582
104583
104584
104585
104586
104587
104588
104589
104590
104591
104592
104593
104594
104595
104596
104597
104598
104599
104600
104601
104602
104603
104604
104605
104606
104607
104608
104609
104610
104611
104612
104613
104614
104615
104616
104617
104618
104619
104620
104621
104622
104623
104624
104625
104626
104627
104628
104629
104630
104631
104632
104633
104634
104635
104636
104637
104638
104639
104640
104641
104642
104643
104644
104645
104646
104647
104648
104649
104650
104651
104652
104653
104654
104655
104656
104657
104658
104659
104660
104661
104662
104663
104664
104665
104666
104667
104668
104669
104670
104671
104672
104673
104674
104675
104676
104677
104678
104679
104680
104681
104682
104683
104684
104685
104686
104687
104688
104689
104690
104691
104692
104693
104694
104695
104696
104697
104698
104699
104700
104701
104702
104703
104704
104705
104706
104707
104708
104709
104710
104711
104712
104713
104714
104715
104716
104717
104718
104719
104720
104721
104722
104723
104724
104725
104726
104727
104728
104729
104730
104731
104732
104733
104734
104735
104736
104737
104738
104739
104740
104741
104742
104743
104744
104745
104746
104747
104748
104749
104750
104751
104752
104753
104754
104755
104756
104757
104758
104759
104760
104761
104762
104763
104764
104765
104766
104767
104768
104769
104770
104771
104772
104773
104774
104775
104776
104777
104778
104779
104780
104781
104782
104783
104784
104785
104786
104787
104788
104789
104790
104791
104792
104793
104794
104795
104796
104797
104798
104799
104800
104801
104802
104803
104804
104805
104806
104807
104808
104809
104810
104811
104812
104813
104814
104815
104816
104817
104818
104819
104820
104821
104822
104823
104824
104825
104826
104827
104828
104829
104830
104831
104832
104833
104834
104835
104836
104837
104838
104839
104840
104841
104842
104843
104844
104845
104846
104847
104848
104849
104850
104851
104852
104853
104854
104855
104856
104857
104858
104859
104860
104861
104862
104863
104864
104865
104866
104867
104868
104869
104870
104871
104872
104873
104874
104875
104876
104877
104878
104879
104880
104881
104882
104883
104884
104885
104886
104887
104888
104889
104890
104891
104892
104893
104894
104895
104896
104897
104898
104899
104900
104901
104902
104903
104904
104905
104906
104907
104908
104909
104910
104911
104912
104913
104914
104915
104916
104917
104918
104919
104920
104921
104922
104923
104924
104925
104926
104927
104928
104929
104930
104931
104932
104933
104934
104935
104936
104937
104938
104939
104940
104941
104942
104943
104944
104945
104946
104947
104948
104949
104950
104951
104952
104953
104954
104955
104956
104957
104958
104959
104960
104961
104962
104963
104964
104965
104966
104967
104968
104969
104970
104971
104972
104973
104974
104975
104976
104977
104978
104979
104980
104981
104982
104983
104984
104985
104986
104987
104988
104989
104990
104991
104992
104993
104994
104995
104996
104997
104998
104999
105000
105001
105002
105003
105004
105005
105006
105007
105008
105009
105010
105011
105012
105013
105014
105015
105016
105017
105018
105019
105020
105021
105022
105023
105024
105025
105026
105027
105028
105029
105030
105031
105032
105033
105034
105035
105036
105037
105038
105039
105040
105041
105042
105043
105044
105045
105046
105047
105048
105049
105050
105051
105052
105053
105054
105055
105056
105057
105058
105059
105060
105061
105062
105063
105064
105065
105066
105067
105068
105069
105070
105071
105072
105073
105074
105075
105076
105077
105078
105079
105080
105081
105082
105083
105084
105085
105086
105087
105088
105089
105090
105091
105092
105093
105094
105095
105096
105097
105098
105099
105100
105101
105102
105103
105104
105105
105106
105107
105108
105109
105110
105111
105112
105113
105114
105115
105116
105117
105118
105119
105120
105121
105122
105123
105124
105125
105126
105127
105128
105129
105130
105131
105132
105133
105134
105135
105136
105137
105138
105139
105140
105141
105142
105143
105144
105145
105146
105147
105148
105149
105150
105151
105152
105153
105154
105155
105156
105157
105158
105159
105160
105161
105162
105163
105164
105165
105166
105167
105168
105169
105170
105171
105172
105173
105174
105175
105176
105177
105178
105179
105180
105181
105182
105183
105184
105185
105186
105187
105188
105189
105190
105191
105192
105193
105194
105195
105196
105197
105198
105199
105200
105201
105202
105203
105204
105205
105206
105207
105208
105209
105210
105211
105212
105213
105214
105215
105216
105217
105218
105219
105220
105221
105222
105223
105224
105225
105226
105227
105228
105229
105230
105231
105232
105233
105234
105235
105236
105237
105238
105239
105240
105241
105242
105243
105244
105245
105246
105247
105248
105249
105250
105251
105252
105253
105254
105255
105256
105257
105258
105259
105260
105261
105262
105263
105264
105265
105266
105267
105268
105269
105270
105271
105272
105273
105274
105275
105276
105277
105278
105279
105280
105281
105282
105283
105284
105285
105286
105287
105288
105289
105290
105291
105292
105293
105294
105295
105296
105297
105298
105299
105300
105301
105302
105303
105304
105305
105306
105307
105308
105309
105310
105311
105312
105313
105314
105315
105316
105317
105318
105319
105320
105321
105322
105323
105324
105325
105326
105327
105328
105329
105330
105331
105332
105333
105334
105335
105336
105337
105338
105339
105340
105341
105342
105343
105344
105345
105346
105347
105348
105349
105350
105351
105352
105353
105354
105355
105356
105357
105358
105359
105360
105361
105362
105363
105364
105365
105366
105367
105368
105369
105370
105371
105372
105373
105374
105375
105376
105377
105378
105379
105380
105381
105382
105383
105384
105385
105386
105387
105388
105389
105390
105391
105392
105393
105394
105395
105396
105397
105398
105399
105400
105401
105402
105403
105404
105405
105406
105407
105408
105409
105410
105411
105412
105413
105414
105415
105416
105417
105418
105419
105420
105421
105422
105423
105424
105425
105426
105427
105428
105429
105430
105431
105432
105433
105434
105435
105436
105437
105438
105439
105440
105441
105442
105443
105444
105445
105446
105447
105448
105449
105450
105451
105452
105453
105454
105455
105456
105457
105458
105459
105460
105461
105462
105463
105464
105465
105466
105467
105468
105469
105470
105471
105472
105473
105474
105475
105476
105477
105478
105479
105480
105481
105482
105483
105484
105485
105486
105487
105488
105489
105490
105491
105492
105493
105494
105495
105496
105497
105498
105499
105500
105501
105502
105503
105504
105505
105506
105507
105508
105509
105510
105511
105512
105513
105514
105515
105516
105517
105518
105519
105520
105521
105522
105523
105524
105525
105526
105527
105528
105529
105530
105531
105532
105533
105534
105535
105536
105537
105538
105539
105540
105541
105542
105543
105544
105545
105546
105547
105548
105549
105550
105551
105552
105553
105554
105555
105556
105557
105558
105559
105560
105561
105562
105563
105564
105565
105566
105567
105568
105569
105570
105571
105572
105573
105574
105575
105576
105577
105578
105579
105580
105581
105582
105583
105584
105585
105586
105587
105588
105589
105590
105591
105592
105593
105594
105595
105596
105597
105598
105599
105600
105601
105602
105603
105604
105605
105606
105607
105608
105609
105610
105611
105612
105613
105614
105615
105616
105617
105618
105619
105620
105621
105622
105623
105624
105625
105626
105627
105628
105629
105630
105631
105632
105633
105634
105635
105636
105637
105638
105639
105640
105641
105642
105643
105644
105645
105646
105647
105648
105649
105650
105651
105652
105653
105654
105655
105656
105657
105658
105659
105660
105661
105662
105663
105664
105665
105666
105667
105668
105669
105670
105671
105672
105673
105674
105675
105676
105677
105678
105679
105680
105681
105682
105683
105684
105685
105686
105687
105688
105689
105690
105691
105692
105693
105694
105695
105696
105697
105698
105699
105700
105701
105702
105703
105704
105705
105706
105707
105708
105709
105710
105711
105712
105713
105714
105715
105716
105717
105718
105719
105720
105721
105722
105723
105724
105725
105726
105727
105728
105729
105730
105731
105732
105733
105734
105735
105736
105737
105738
105739
105740
105741
105742
105743
105744
105745
105746
105747
105748
105749
105750
105751
105752
105753
105754
105755
105756
105757
105758
105759
105760
105761
105762
105763
105764
105765
105766
105767
105768
105769
105770
105771
105772
105773
105774
105775
105776
105777
105778
105779
105780
105781
105782
105783
105784
105785
105786
105787
105788
105789
105790
105791
105792
105793
105794
105795
105796
105797
105798
105799
105800
105801
105802
105803
105804
105805
105806
105807
105808
105809
105810
105811
105812
105813
105814
105815
105816
105817
105818
105819
105820
105821
105822
105823
105824
105825
105826
105827
105828
105829
105830
105831
105832
105833
105834
105835
105836
105837
105838
105839
105840
105841
105842
105843
105844
105845
105846
105847
105848
105849
105850
105851
105852
105853
105854
105855
105856
105857
105858
105859
105860
105861
105862
105863
105864
105865
105866
105867
105868
105869
105870
105871
105872
105873
105874
105875
105876
105877
105878
105879
105880
105881
105882
105883
105884
105885
105886
105887
105888
105889
105890
105891
105892
105893
105894
105895
105896
105897
105898
105899
105900
105901
105902
105903
105904
105905
105906
105907
105908
105909
105910
105911
105912
105913
105914
105915
105916
105917
105918
105919
105920
105921
105922
105923
105924
105925
105926
105927
105928
105929
105930
105931
105932
105933
105934
105935
105936
105937
105938
105939
105940
105941
105942
105943
105944
105945
105946
105947
105948
105949
105950
105951
105952
105953
105954
105955
105956
105957
105958
105959
105960
105961
105962
105963
105964
105965
105966
105967
105968
105969
105970
105971
105972
105973
105974
105975
105976
105977
105978
105979
105980
105981
105982
105983
105984
105985
105986
105987
105988
105989
105990
105991
105992
105993
105994
105995
105996
105997
105998
105999
106000
106001
106002
106003
106004
106005
106006
106007
106008
106009
106010
106011
106012
106013
106014
106015
106016
106017
106018
106019
106020
106021
106022
106023
106024
106025
106026
106027
106028
106029
106030
106031
106032
106033
106034
106035
106036
106037
106038
106039
106040
106041
106042
106043
106044
106045
106046
106047
106048
106049
106050
106051
106052
106053
106054
106055
106056
106057
106058
106059
106060
106061
106062
106063
106064
106065
106066
106067
106068
106069
106070
106071
106072
106073
106074
106075
106076
106077
106078
106079
106080
106081
106082
106083
106084
106085
106086
106087
106088
106089
106090
106091
106092
106093
106094
106095
106096
106097
106098
106099
106100
106101
106102
106103
106104
106105
106106
106107
106108
106109
106110
106111
106112
106113
106114
106115
106116
106117
106118
106119
106120
106121
106122
106123
106124
106125
106126
106127
106128
106129
106130
106131
106132
106133
106134
106135
106136
106137
106138
106139
106140
106141
106142
106143
106144
106145
106146
106147
106148
106149
106150
106151
106152
106153
106154
106155
106156
106157
106158
106159
106160
106161
106162
106163
106164
106165
106166
106167
106168
106169
106170
106171
106172
106173
106174
106175
106176
106177
106178
106179
106180
106181
106182
106183
106184
106185
106186
106187
106188
106189
106190
106191
106192
106193
106194
106195
106196
106197
106198
106199
106200
106201
106202
106203
106204
106205
106206
106207
106208
106209
106210
106211
106212
106213
106214
106215
106216
106217
106218
106219
106220
106221
106222
106223
106224
106225
106226
106227
106228
106229
106230
106231
106232
106233
106234
106235
106236
106237
106238
106239
106240
106241
106242
106243
106244
106245
106246
106247
106248
106249
106250
106251
106252
106253
106254
106255
106256
106257
106258
106259
106260
106261
106262
106263
106264
106265
106266
106267
106268
106269
106270
106271
106272
106273
106274
106275
106276
106277
106278
106279
106280
106281
106282
106283
106284
106285
106286
106287
106288
106289
106290
106291
106292
106293
106294
106295
106296
106297
106298
106299
106300
106301
106302
106303
106304
106305
106306
106307
106308
106309
106310
106311
106312
106313
106314
106315
106316
106317
106318
106319
106320
106321
106322
106323
106324
106325
106326
106327
106328
106329
106330
106331
106332
106333
106334
106335
106336
106337
106338
106339
106340
106341
106342
106343
106344
106345
106346
106347
106348
106349
106350
106351
106352
106353
106354
106355
106356
106357
106358
106359
106360
106361
106362
106363
106364
106365
106366
106367
106368
106369
106370
106371
106372
106373
106374
106375
106376
106377
106378
106379
106380
106381
106382
106383
106384
106385
106386
106387
106388
106389
106390
106391
106392
106393
106394
106395
106396
106397
106398
106399
106400
106401
106402
106403
106404
106405
106406
106407
106408
106409
106410
106411
106412
106413
106414
106415
106416
106417
106418
106419
106420
106421
106422
106423
106424
106425
106426
106427
106428
106429
106430
106431
106432
106433
106434
106435
106436
106437
106438
106439
106440
106441
106442
106443
106444
106445
106446
106447
106448
106449
106450
106451
106452
106453
106454
106455
106456
106457
106458
106459
106460
106461
106462
106463
106464
106465
106466
106467
106468
106469
106470
106471
106472
106473
106474
106475
106476
106477
106478
106479
106480
106481
106482
106483
106484
106485
106486
106487
106488
106489
106490
106491
106492
106493
106494
106495
106496
106497
106498
106499
106500
106501
106502
106503
106504
106505
106506
106507
106508
106509
106510
106511
106512
106513
106514
106515
106516
106517
106518
106519
106520
106521
106522
106523
106524
106525
106526
106527
106528
106529
106530
106531
106532
106533
106534
106535
106536
106537
106538
106539
106540
106541
106542
106543
106544
106545
106546
106547
106548
106549
106550
106551
106552
106553
106554
106555
106556
106557
106558
106559
106560
106561
106562
106563
106564
106565
106566
106567
106568
106569
106570
106571
106572
106573
106574
106575
106576
106577
106578
106579
106580
106581
106582
106583
106584
106585
106586
106587
106588
106589
106590
106591
106592
106593
106594
106595
106596
106597
106598
106599
106600
106601
106602
106603
106604
106605
106606
106607
106608
106609
106610
106611
106612
106613
106614
106615
106616
106617
106618
106619
106620
106621
106622
106623
106624
106625
106626
106627
106628
106629
106630
106631
106632
106633
106634
106635
106636
106637
106638
106639
106640
106641
106642
106643
106644
106645
106646
106647
106648
106649
106650
106651
106652
106653
106654
106655
106656
106657
106658
106659
106660
106661
106662
106663
106664
106665
106666
106667
106668
106669
106670
106671
106672
106673
106674
106675
106676
106677
106678
106679
106680
106681
106682
106683
106684
106685
106686
106687
106688
106689
106690
106691
106692
106693
106694
106695
106696
106697
106698
106699
106700
106701
106702
106703
106704
106705
106706
106707
106708
106709
106710
106711
106712
106713
106714
106715
106716
106717
106718
106719
106720
106721
106722
106723
106724
106725
106726
106727
106728
106729
106730
106731
106732
106733
106734
106735
106736
106737
106738
106739
106740
106741
106742
106743
106744
106745
106746
106747
106748
106749
106750
106751
106752
106753
106754
106755
106756
106757
106758
106759
106760
106761
106762
106763
106764
106765
106766
106767
106768
106769
106770
106771
106772
106773
106774
106775
106776
106777
106778
106779
106780
106781
106782
106783
106784
106785
106786
106787
106788
106789
106790
106791
106792
106793
106794
106795
106796
106797
106798
106799
106800
106801
106802
106803
106804
106805
106806
106807
106808
106809
106810
106811
106812
106813
106814
106815
106816
106817
106818
106819
106820
106821
106822
106823
106824
106825
106826
106827
106828
106829
106830
106831
106832
106833
106834
106835
106836
106837
106838
106839
106840
106841
106842
106843
106844
106845
106846
106847
106848
106849
106850
106851
106852
106853
106854
106855
106856
106857
106858
106859
106860
106861
106862
106863
106864
106865
106866
106867
106868
106869
106870
106871
106872
106873
106874
106875
106876
106877
106878
106879
106880
106881
106882
106883
106884
106885
106886
106887
106888
106889
106890
106891
106892
106893
106894
106895
106896
106897
106898
106899
106900
106901
106902
106903
106904
106905
106906
106907
106908
106909
106910
106911
106912
106913
106914
106915
106916
106917
106918
106919
106920
106921
106922
106923
106924
106925
106926
106927
106928
106929
106930
106931
106932
106933
106934
106935
106936
106937
106938
106939
106940
106941
106942
106943
106944
106945
106946
106947
106948
106949
106950
106951
106952
106953
106954
106955
106956
106957
106958
106959
106960
106961
106962
106963
106964
106965
106966
106967
106968
106969
106970
106971
106972
106973
106974
106975
106976
106977
106978
106979
106980
106981
106982
106983
106984
106985
106986
106987
106988
106989
106990
106991
106992
106993
106994
106995
106996
106997
106998
106999
107000
107001
107002
107003
107004
107005
107006
107007
107008
107009
107010
107011
107012
107013
107014
107015
107016
107017
107018
107019
107020
107021
107022
107023
107024
107025
107026
107027
107028
107029
107030
107031
107032
107033
107034
107035
107036
107037
107038
107039
107040
107041
107042
107043
107044
107045
107046
107047
107048
107049
107050
107051
107052
107053
107054
107055
107056
107057
107058
107059
107060
107061
107062
107063
107064
107065
107066
107067
107068
107069
107070
107071
107072
107073
107074
107075
107076
107077
107078
107079
107080
107081
107082
107083
107084
107085
107086
107087
107088
107089
107090
107091
107092
107093
107094
107095
107096
107097
107098
107099
107100
107101
107102
107103
107104
107105
107106
107107
107108
107109
107110
107111
107112
107113
107114
107115
107116
107117
107118
107119
107120
107121
107122
107123
107124
107125
107126
107127
107128
107129
107130
107131
107132
107133
107134
107135
107136
107137
107138
107139
107140
107141
107142
107143
107144
107145
107146
107147
107148
107149
107150
107151
107152
107153
107154
107155
107156
107157
107158
107159
107160
107161
107162
107163
107164
107165
107166
107167
107168
107169
107170
107171
107172
107173
107174
107175
107176
107177
107178
107179
107180
107181
107182
107183
107184
107185
107186
107187
107188
107189
107190
107191
107192
107193
107194
107195
107196
107197
107198
107199
107200
107201
107202
107203
107204
107205
107206
107207
107208
107209
107210
107211
107212
107213
107214
107215
107216
107217
107218
107219
107220
107221
107222
107223
107224
107225
107226
107227
107228
107229
107230
107231
107232
107233
107234
107235
107236
107237
107238
107239
107240
107241
107242
107243
107244
107245
107246
107247
107248
107249
107250
107251
107252
107253
107254
107255
107256
107257
107258
107259
107260
107261
107262
107263
107264
107265
107266
107267
107268
107269
107270
107271
107272
107273
107274
107275
107276
107277
107278
107279
107280
107281
107282
107283
107284
107285
107286
107287
107288
107289
107290
107291
107292
107293
107294
107295
107296
107297
107298
107299
107300
107301
107302
107303
107304
107305
107306
107307
107308
107309
107310
107311
107312
107313
107314
107315
107316
107317
107318
107319
107320
107321
107322
107323
107324
107325
107326
107327
107328
107329
107330
107331
107332
107333
107334
107335
107336
107337
107338
107339
107340
107341
107342
107343
107344
107345
107346
107347
107348
107349
107350
107351
107352
107353
107354
107355
107356
107357
107358
107359
107360
107361
107362
107363
107364
107365
107366
107367
107368
107369
107370
107371
107372
107373
107374
107375
107376
107377
107378
107379
107380
107381
107382
107383
107384
107385
107386
107387
107388
107389
107390
107391
107392
107393
107394
107395
107396
107397
107398
107399
107400
107401
107402
107403
107404
107405
107406
107407
107408
107409
107410
107411
107412
107413
107414
107415
107416
107417
107418
107419
107420
107421
107422
107423
107424
107425
107426
107427
107428
107429
107430
107431
107432
107433
107434
107435
107436
107437
107438
107439
107440
107441
107442
107443
107444
107445
107446
107447
107448
107449
107450
107451
107452
107453
107454
107455
107456
107457
107458
107459
107460
107461
107462
107463
107464
107465
107466
107467
107468
107469
107470
107471
107472
107473
107474
107475
107476
107477
107478
107479
107480
107481
107482
107483
107484
107485
107486
107487
107488
107489
107490
107491
107492
107493
107494
107495
107496
107497
107498
107499
107500
107501
107502
107503
107504
107505
107506
107507
107508
107509
107510
107511
107512
107513
107514
107515
107516
107517
107518
107519
107520
107521
107522
107523
107524
107525
107526
107527
107528
107529
107530
107531
107532
107533
107534
107535
107536
107537
107538
107539
107540
107541
107542
107543
107544
107545
107546
107547
107548
107549
107550
107551
107552
107553
107554
107555
107556
107557
107558
107559
107560
107561
107562
107563
107564
107565
107566
107567
107568
107569
107570
107571
107572
107573
107574
107575
107576
107577
107578
107579
107580
107581
107582
107583
107584
107585
107586
107587
107588
107589
107590
107591
107592
107593
107594
107595
107596
107597
107598
107599
107600
107601
107602
107603
107604
107605
107606
107607
107608
107609
107610
107611
107612
107613
107614
107615
107616
107617
107618
107619
107620
107621
107622
107623
107624
107625
107626
107627
107628
107629
107630
107631
107632
107633
107634
107635
107636
107637
107638
107639
107640
107641
107642
107643
107644
107645
107646
107647
107648
107649
107650
107651
107652
107653
107654
107655
107656
107657
107658
107659
107660
107661
107662
107663
107664
107665
107666
107667
107668
107669
107670
107671
107672
107673
107674
107675
107676
107677
107678
107679
107680
107681
107682
107683
107684
107685
107686
107687
107688
107689
107690
107691
107692
107693
107694
107695
107696
107697
107698
107699
107700
107701
107702
107703
107704
107705
107706
107707
107708
107709
107710
107711
107712
107713
107714
107715
107716
107717
107718
107719
107720
107721
107722
107723
107724
107725
107726
107727
107728
107729
107730
107731
107732
107733
107734
107735
107736
107737
107738
107739
107740
107741
107742
107743
107744
107745
107746
107747
107748
107749
107750
107751
107752
107753
107754
107755
107756
107757
107758
107759
107760
107761
107762
107763
107764
107765
107766
107767
107768
107769
107770
107771
107772
107773
107774
107775
107776
107777
107778
107779
107780
107781
107782
107783
107784
107785
107786
107787
107788
107789
107790
107791
107792
107793
107794
107795
107796
107797
107798
107799
107800
107801
107802
107803
107804
107805
107806
107807
107808
107809
107810
107811
107812
107813
107814
107815
107816
107817
107818
107819
107820
107821
107822
107823
107824
107825
107826
107827
107828
107829
107830
107831
107832
107833
107834
107835
107836
107837
107838
107839
107840
107841
107842
107843
107844
107845
107846
107847
107848
107849
107850
107851
107852
107853
107854
107855
107856
107857
107858
107859
107860
107861
107862
107863
107864
107865
107866
107867
107868
107869
107870
107871
107872
107873
107874
107875
107876
107877
107878
107879
107880
107881
107882
107883
107884
107885
107886
107887
107888
107889
107890
107891
107892
107893
107894
107895
107896
107897
107898
107899
107900
107901
107902
107903
107904
107905
107906
107907
107908
107909
107910
107911
107912
107913
107914
107915
107916
107917
107918
107919
107920
107921
107922
107923
107924
107925
107926
107927
107928
107929
107930
107931
107932
107933
107934
107935
107936
107937
107938
107939
107940
107941
107942
107943
107944
107945
107946
107947
107948
107949
107950
107951
107952
107953
107954
107955
107956
107957
107958
107959
107960
107961
107962
107963
107964
107965
107966
107967
107968
107969
107970
107971
107972
107973
107974
107975
107976
107977
107978
107979
107980
107981
107982
107983
107984
107985
107986
107987
107988
107989
107990
107991
107992
107993
107994
107995
107996
107997
107998
107999
108000
108001
108002
108003
108004
108005
108006
108007
108008
108009
108010
108011
108012
108013
108014
108015
108016
108017
108018
108019
108020
108021
108022
108023
108024
108025
108026
108027
108028
108029
108030
108031
108032
108033
108034
108035
108036
108037
108038
108039
108040
108041
108042
108043
108044
108045
108046
108047
108048
108049
108050
108051
108052
108053
108054
108055
108056
108057
108058
108059
108060
108061
108062
108063
108064
108065
108066
108067
108068
108069
108070
108071
108072
108073
108074
108075
108076
108077
108078
108079
108080
108081
108082
108083
108084
108085
108086
108087
108088
108089
108090
108091
108092
108093
108094
108095
108096
108097
108098
108099
108100
108101
108102
108103
108104
108105
108106
108107
108108
108109
108110
108111
108112
108113
108114
108115
64199
108116
108117
64201
108118
108119
64203
108120
108121
64205
108122
108123
64207
108124
108125
64209
108126
108127
64211
108128
108129
64213
108130
108131
64215
108132
108133
64217
108134
108135
64219
108136
108137
64221
108138
108139
64223
108140
108141
64225
108142
108143
64227
108144
108145
64229
108146
108147
64231
108148
108149
64233
108150
108151
64235
108152
108153
108154
108155
64200
108156
108157
64202
108158
108159
64204
108160
108161
64206
108162
108163
64208
108164
108165
64210
108166
108167
64212
108168
108169
64214
108170
108171
64216
108172
108173
64218
108174
108175
64220
108176
108177
64222
108178
108179
64224
108180
108181
64226
108182
108183
64228
108184
108185
64230
108186
108187
64232
108188
108189
64234
108190
108191
64237
108192
108193
64263
108194
108195
64243
108196
108197
64244
108198
108199
64245
108200
108201
64246
108202
108203
64247
108204
108205
64248
108206
108207
64249
108208
108209
64250
108210
108211
64251
108212
108213
64252
108214
108215
64253
108216
108217
64254
108218
108219
64255
108220
108221
64256
108222
108223
64257
108224
108225
64258
108226
108227
64259
108228
108229
64260
108230
108231
64261
108232
108233
64264
108234
108235
64267
108236
108237
64268
108238
108239
64269
108240
108241
64270
108242
108243
64271
108244
108245
64272
108246
108247
64273
108248
108249
64274
108250
108251
64275
108252
108253
64276
108254
108255
64277
108256
108257
64278
108258
108259
64279
108260
108261
64280
108262
108263
64281
108264
108265
64282
108266
108267
64283
108268
108269
64284
108270
108271
64285
108272
108273
64286
108274
108275
64287
108276
108277
64288
108278
108279
64289
108280
108281
64290
108282
108283
64291
108284
108285
64292
108286
108287
64293
108288
108289
64294
108290
108291
64295
108292
108293
64296
108294
108295
64297
108296
108297
64298
108298
108299
64299
108300
108301
64300
108302
108303
64301
108304
108305
64302
108306
108307
64303
108308
108309
64304
108310
108311
64305
108312
108313
64306
108314
108315
64307
108316
108317
64308
108318
108319
64309
108320
108321
64310
108322
108323
64311
108324
108325
64312
108326
108327
64313
108328
108329
64314
108330
108331
64315
108332
108333
64316
108334
108335
64317
108336
108337
64318
108338
108339
64319
108340
108341
64320
108342
108343
64321
108344
108345
64322
108346
108347
64323
108348
108349
64324
108350
108351
64325
108352
108353
64326
108354
108355
64327
108356
108357
64328
108358
108359
64329
108360
108361
64330
108362
108363
64331
108364
108365
64332
108366
108367
64333
108368
108369
64334
108370
108371
64335
108372
108373
64336
108374
108375
64337
108376
108377
64338
108378
108379
64339
108380
108381
64340
108382
108383
64341
108384
108385
64342
108386
108387
64343
108388
108389
64344
108390
108391
64345
108392
108393
64346
108394
108395
64347
108396
108397
64348
108398
108399
64349
108400
108401
64350
108402
108403
64351
108404
108405
64352
108406
108407
64353
108408
108409
64354
108410
108411
64355
108412
108413
64356
108414
108415
64357
108416
108417
64358
108418
108419
64359
108420
108421
64360
108422
108423
64361
108424
108425
64362
108426
108427
64363
108428
108429
64364
108430
108431
64365
108432
108433
64366
108434
108435
64367
108436
108437
64368
108438
108439
64369
108440
108441
64370
108442
108443
64371
108444
108445
64372
108446
108447
64373
108448
108449
64374
108450
108451
64375
108452
108453
64376
108454
108455
64377
108456
108457
64378
108458
108459
64379
108460
108461
64380
108462
108463
64381
108464
108465
64382
108466
108467
64383
108468
108469
64384
108470
108471
64385
108472
108473
64386
108474
108475
64391
108476
108477
64392
108478
108479
64393
108480
108481
64394
108482
108483
64395
108484
108485
64396
108486
108487
64397
108488
108489
64398
108490
108491
64399
108492
108493
64400
108494
108495
64401
108496
108497
64402
108498
108499
64403
108500
108501
64404
108502
108503
64405
108504
108505
64406
108506
108507
64407
108508
108509
64408
108510
108511
64410
108512
108513
108514
108515
1165
64414
108516
108517
64415
108518
108519
64416
108520
108521
64417
108522
108523
64418
108524
108525
64419
108526
108527
64420
108528
108529
64421
108530
108531
64422
108532
108533
64423
108534
108535
64424
108536
108537
64425
108538
108539
64426
108540
108541
64427
108542
108543
64428
108544
108545
64429
108546
108547
64430
108548
108549
64431
108550
108551
64433
108552
108553
64438
108554
64412
64432
108555
108556
108557
108558
108559
64463
108560
64435
108561
108562
108563
64436
108564
64434
108565
108566
108567
64446
108568
108569
108570
108571
108572
108573
108574
108575
108576
108577
64447
108578
108579
108580
108581
108582
108583
108584
108585
108586
108587
108588
108589
108590
108591
108592
108593
108594
108595
108596
108597
108598
108599
108600
108601
108602
108603
108604
108605
108606
108607
108608
64242
108609
64454
108610
108611
108612
108613
108614
108615
108616
108617
64238
64236
108618
108619
108620
108621
108622
64450
108623
108624
108625
64240
64262
108626
108627
108628
64266
108629
108630
108631
64440
64465
64449
108632
108633
108634
108635
108636
108637
108638
108639
108640
108641
108642
108643
108644
108645
108646
108647
108648
108649
108650
108651
108652
108653
108654
108655
108656
108657
108658
108659
108660
108661
108662
108663
108664
108665
108666
108667
108668
108669
64239
108670
108671
64451
64265
108672
108673
108674
64452
64448
64456
108675
108676
108677
108678
108679
108680
108681
108682
108683
108684
108685
108686
108687
108688
108689
108690
108691
108692
108693
108694
108695
108696
108697
108698
108699
108700
108701
108702
108703
108704
108705
108706
64241
108707
108708
64458
64455
64461
64460
108709
64413
108710
108711
64445
108712
108713
108714
108715
108716
108717
108718
108719
108720
108721
108722
108723
108724
64389
64387
64409
108725
108726
108727
108728
108729
108730
64390
108731
108732
108733
108734
64443
108735
108736
108737
108738
108739
108740
108741
108742
64437
108743
64441
108744
108745
108746
108747
108748
108749
64464
108750
108751
108752
108753
108754
108755
108756
108757
108758
108759
108760
108761
108762
108763
108764
108765
108766
108767
108768
108769
108770
108771
108772
108773
108774
108775
108776
108777
64453
64459
64388
108778
108779
64411
108780
108781
108782
64462
64442
108783
108784
108785
108786
108787
108788
108789
64439
108790
108791
64444
108792
108793
108794
108795
108796
108797
108798
108799
108800
108801
108802
108803
108804
108805
108806
108807
108808
108809
108810
108811
108812
108813
108814
108815
108816
108817
108818
108819
108820
108821
108822
108823
108824
108825
64457
108826
108827
101038
101041
101043
101045
101047
101049
101051
101053
101055
100034
101039
101042
101044
101046
101048
101050
101052
101054
101056
100038
101057
101059
101060
101061
101062
101063
101064
101065
101066
100045
100094
100098
100106
100110
100114
100118
101067
101069
101070
101071
101072
101073
101074
101075
101076
100085
100102
108828
108829
108830
108831
100122
101077
101079
101080
101081
101082
101083
101084
101085
101086
100133
100144
108832
108833
108834
108835
100148
101087
101089
101090
101091
101092
101093
101094
101095
101096
100159
100170
108836
108837
108838
108839
100174
101097
101099
101100
101101
101102
101103
101104
101105
101106
100185
100196
108840
108841
108842
108843
100200
101107
101109
101110
101111
101112
101113
101114
101115
101116
100211
100222
108844
108845
108846
108847
100226
101117
101119
101120
101121
101122
101123
101124
101125
101126
100237
100248
100252
100256
100260
100264
100268
101127
101129
101130
101131
101132
101133
101134
101135
101136
100281
101137
101139
101140
101141
101142
101143
101144
101145
101146
100310
100358
100323
100328
100333
100338
100354
100037
108848
100044
100079
100084
100132
100158
100184
100210
100236
100280
100309
100321
100326
100331
100336
100341
100351
108849
108850
108851
108852
108853
108854
108855
100356
100080
100322
100327
100332
100337
100352
100320
100325
108856
100330
108857
100335
108858
100340
108859
108860
100350
108861
108862
108863
100042
100399
100408
100416
100424
100432
100440
100448
100456
100049
100082
100089
100130
100137
100156
100163
100182
100189
100208
100215
100234
100241
100278
100285
100307
100314
100547
100318
100343
100348
100568
101222
101235
100577
100592
100607
100035
108864
108865
108866
108867
108868
108869
108870
108871
100039
108872
100051
100055
100059
100063
100067
100071
100075
100046
108873
100127
100086
108874
100153
100134
108875
100179
100160
108876
100205
100186
108877
100231
100212
108878
100275
100238
108879
100304
100282
108880
100316
100346
100311
108881
108882
101227
101241
100581
100849
100596
100361
108883
108884
100334
100376
100378
108885
100381
100383
108886
100355
100386
108887
108888
100572
108889
100375
100380
100385
100388
108890
108891
101232
108892
108893
100588
108894
108895
108896
100867
108897
108898
108899
100603
108900
100036
108901
100047
100401
100397
100412
100052
100420
100056
100428
100060
100436
100064
100444
100068
100452
100072
100076
100043
108902
100087
100078
100128
100083
108903
100135
100126
100154
100131
108904
100161
100152
100180
100157
108905
100187
100178
100206
100183
108906
100213
100204
100232
100209
108907
100239
100230
100276
100235
108908
100283
100274
100305
100279
108909
100312
100549
100317
100342
100303
100347
100308
108910
100542
100315
108911
108912
100345
100584
100599
100863
100876
100575
108913
100979
101223
100377
100379
108914
101220
101230
108915
101237
101244
100384
100591
108916
100585
100387
100983
108917
100606
100600
108918
100612
100040
108919
108920
108921
108922
108923
108924
108925
108926
100576
100613
100621
100629
100637
100645
100653
100661
100669
100678
100893
101270
101287
100899
101147
101150
100684
100699
101156
100711
100720
100732
100744
100756
101160
101161
100762
100777
100789
100801
100813
100825
101164
101166
100905
100909
101170
101172
100915
100887
101176
101178
100919
100923
101182
101184
100929
100933
101188
101190
100939
100943
101194
101196
100949
100953
101200
101202
100959
100963
101206
101208
100969
100973
101212
101214
101323
100840
100853
100865
100878
108927
108928
100688
100703
100715
100736
101158
100766
100781
100805
100829
101152
101168
100091
101174
100139
101180
100165
101186
100191
101192
100217
101198
100243
101204
100287
101210
101217
101367
101339
101277
100357
100359
100365
100368
108929
100329
100371
108930
100353
100393
100695
101297
101300
100404
100728
100414
100752
100422
101302
100430
100773
100438
100797
100446
100821
100454
108931
108932
108933
100362
108934
100396
101305
100364
108935
100465
101307
100470
100475
101309
100480
100485
101311
100490
100495
101313
100500
100505
101315
100510
100515
101317
100520
100525
101319
100530
100535
101320
100370
100390
108936
100545
101332
101383
108937
108938
101282
108939
108940
108941
101294
108942
108943
108944
100845
108945
108946
108947
100392
100402
100410
100418
100426
100434
100442
100450
100458
100459
100081
100462
100467
100472
100477
100482
100487
100492
100497
100502
100507
100512
100517
100522
100527
100532
100537
100538
100541
100551
100344
108948
100566
108949
108950
100394
100041
108951
100400
108952
100407
100411
108953
100415
100419
108954
100423
100427
108955
100431
100435
108956
100439
100443
108957
100447
100451
108958
100455
108959
100048
108960
100463
108961
100468
100088
108962
100473
100129
108963
100478
100136
108964
100483
100155
108965
100488
100162
108966
100493
100181
108967
100498
100188
108968
100503
100207
108969
100508
100214
108970
100513
100233
108971
100518
100240
108972
100523
100277
108973
100528
100284
108974
100533
100306
108975
100313
108976
100543
108977
108978
100560
100561
100349
100564
100682
108979
100571
101221
101225
101236
101240
100578
100580
100595
100593
108980
108981
108982
108983
108984
108985
108986
108987
108988
108989
108990
108991
108992
108993
108994
108995
108996
108997
108998
108999
109000
109001
109002
109003
109004
100683
109005
109006
109007
109008
109009
109010
109011
109012
109013
109014
109015
109016
109017
109018
109019
109020
109021
109022
109023
109024
109025
109026
109027
109028
109029
109030
109031
109032
109033
109034
109035
109036
109037
109038
100563
109039
109040
109041
109042
109043
100583
100582
100597
100598
109044
109045
109046
109047
101234
101233
101246
109048
109049
109050
109051
109052
109053
109054
109055
109056
109057
109058
109059
100050
100617
101163
101167
100090
100625
101169
101173
100138
100633
101175
101179
100164
100641
101181
101185
100190
100649
101187
101191
100216
100657
101193
101197
100242
100665
101199
101203
100286
101205
101209
101213
100360
100832
109060
100681
100363
109061
100897
100369
101272
101343
109062
101273
101280
100372
109063
101285
101292
101352
101360
100579
100389
109064
100903
100594
109065
100842
100856
109066
100391
109067
101298
100691
100395
109068
101151
101149
100698
101299
109069
100403
100706
101301
100409
109070
100413
100718
100731
100417
109071
100421
100739
100755
100425
109072
100429
101157
101303
100433
109073
100437
100769
100776
100441
109074
100445
100784
100800
100449
109075
100453
100808
100824
100457
109076
100460
100461
109077
101304
100464
109078
101165
100466
109079
100991
100469
109080
100913
100471
109081
101306
100474
109082
101171
100476
109083
100997
100479
109084
100891
100481
109085
101308
100484
109086
101177
100486
109087
101003
100489
109088
100927
100491
109089
101310
100494
109090
101183
100496
109091
101009
100499
109092
100937
100501
109093
101312
100504
109094
101189
100506
109095
101015
100509
109096
100947
100511
109097
101314
100514
109098
101195
100516
109099
101021
100519
109100
100957
100521
109101
101316
100524
109102
101201
100526
109103
101027
100529
109104
100967
100531
109105
101318
100534
109106
101207
100536
109107
101033
100539
109108
100540
109109
101321
101211
100544
109110
101215
101322
109111
101325
101330
101371
101381
101391
100559
100562
109112
100848
109113
100857
100565
100567
109114
100872
109115
109116
109117
101231
101245
109118
109119
109120
100680
101148
100707
100692
100719
101155
100740
100725
100761
100749
101162
101159
100785
100770
100809
100794
100833
100818
109121
101336
101347
101356
101365
101375
101388
109122
100324
100373
100339
100552
100367
109123
100555
100557
100546
100319
109124
101224
101238
100884
109125
100608
109126
101228
101229
101243
101242
100873
100886
100868
100880
100870
109127
100875
100877
101271
101274
101276
101288
101286
101289
100888
100890
100881
100892
101279
101278
101291
101283
101284
101296
101295
100366
109128
101337
101275
100374
101290
109129
101226
101239
100382
109130
100885
100889
100550
109131
101363
100556
100558
109132
101377
109133
100874
109134
109135
109136
101281
101293
100879
100978
100981
101350
101359
100838
100862
100850
100980
100984
100590
101362
100604
100611
100986
101349
101357
100987
100894
100896
100900
100902
100908
100906
100990
100910
100993
100912
100918
100916
100996
100999
100922
100920
101002
100924
101005
100926
100932
100930
101008
100934
101011
100936
100942
100940
101014
100944
101017
100946
100952
100950
101020
100954
101023
100956
100962
100960
101026
100964
101029
100966
100972
100970
101032
100974
100976
101035
100898
100914
100928
100938
100948
100958
100968
100904
100992
100998
101004
101010
101016
101022
101028
101034
101355
100846
100860
101348
101353
101361
100895
101351
101358
100901
100907
100911
100917
100921
100925
100931
100935
100941
100945
100951
100955
100961
100965
100971
100975
100977
100982
100985
100988
100989
100994
100995
101000
101001
101006
101007
101012
101013
101018
101019
101024
101025
101030
101031
101036
101354
100053
100057
100061
100065
100069
100073
100077
100093
100125
100141
100151
100167
100177
100193
100203
100219
100229
100245
100273
100289
100291
100293
100295
100297
100299
100302
109137
109138
101154
109139
109140
109141
109142
109143
109144
109145
109146
109147
109148
109149
109150
109151
109152
109153
109154
101219
109155
109156
109157
101247
101249
101250
101252
101253
101255
101256
101258
101259
101261
101262
101264
101265
101267
101268
101269
109158
109159
109160
109161
109162
109163
109164
109165
109166
109167
109168
109169
109170
109171
109172
109173
109174
109175
109176
109177
109178
109179
109180
109181
109182
109183
109184
109185
109186
109187
109188
109189
109190
109191
109192
109193
109194
109195
100095
100097
100100
100099
100105
100107
100109
100111
100113
100115
100117
100119
100121
109196
100103
100142
100123
100147
109197
100145
100168
100149
100173
109198
100171
100194
100175
100199
109199
100197
100220
100201
100225
109200
100223
100246
100227
100267
109201
100249
100250
100253
100254
100257
100258
100261
100262
100265
100270
100269
109202
109203
100406
109204
109205
100554
109206
109207
109208
109209
100398
109210
109211
109212
109213
109214
109215
109216
109217
100548
100569
100587
100601
100610
109218
109219
109220
100620
109221
109222
109223
109224
100628
109225
109226
109227
109228
100636
109229
109230
109231
109232
100644
109233
109234
109235
109236
100652
109237
109238
109239
109240
100660
109241
109242
109243
109244
100668
109245
109246
109247
109248
100852
109249
109250
109251
109252
109253
109254
109255
100574
100573
100676
109256
100589
100605
100614
109257
100616
109258
109259
100623
109260
109261
100631
109262
109263
100639
109264
109265
100647
109266
109267
100655
109268
109269
100663
109270
109271
100671
100673
109272
100839
100864
100677
109273
100883
100618
100622
100626
100630
100634
100638
100642
100646
100650
100654
100658
100662
100666
100670
100679
109274
109275
100685
100694
100687
100708
100702
100700
100714
100712
100721
100727
100723
100741
100735
100733
100745
100751
100747
100757
100759
100763
100772
100765
100786
100780
100778
100790
100796
100792
100810
100804
100802
100814
100820
100816
100828
100834
100826
109276
109277
109278
109279
109280
109281
109282
109283
109284
109285
109286
109287
109288
109289
109290
109291
101324
101326
101327
100841
100843
100855
100859
100854
100866
100871
100690
100689
100704
100705
100716
100717
100724
100737
100738
100748
100768
100767
100782
100783
100793
100806
100807
100817
100830
100831
101216
101329
101368
101380
101370
101342
101389
101340
100696
100710
100697
100729
100743
100730
100753
100760
100754
100774
100788
100775
100798
100812
100799
100822
100836
100823
109292
109293
109294
109295
109296
109297
109298
109299
109300
109301
101334
101333
101374
101384
101395
101386
101345
100847
109302
109303
109304
109305
109306
109307
109308
109309
109310
109311
109312
109313
109314
109315
109316
109317
109318
109319
109320
109321
109322
109323
109324
109325
109326
109327
109328
109329
109330
109331
109332
109333
109334
109335
109336
109337
109338
109339
109340
109341
109342
109343
109344
109345
109346
109347
109348
109349
109350
109351
109352
109353
109354
109355
109356
109357
109358
109359
109360
101335
101344
101366
101372
101382
101392
101338
101364
101376
101378
101387
101393
109361
100054
100092
100058
100096
100062
100104
100066
100108
100070
100112
100074
100116
100124
109362
109363
109364
100101
100140
100120
100150
109365
109366
109367
100143
100166
100146
100176
109368
109369
109370
100169
100192
100172
100202
109371
109372
109373
100195
100218
100198
100228
109374
109375
109376
100221
100244
100224
100272
109377
109378
109379
100247
100288
100251
100255
100259
100263
100266
100271
100301
109380
109381
109382
100290
100292
100294
100296
100298
100300
109383
109384
109385
109386
109387
109388
109389
109390
109391
109392
101341
109393
109394
109395
109396
100686
100701
109397
100405
101153
100713
100722
100734
100746
100764
100779
100791
100803
100815
100827
109398
109399
109400
109401
109402
109403
109404
109405
109406
109407
109408
109409
109410
109411
109412
109413
109414
109415
109416
109417
109418
109419
109420
109421
109422
109423
109424
109425
109426
109427
109428
109429
109430
109431
109432
109433
109434
109435
109436
109437
109438
109439
109440
109441
109442
109443
109444
109445
109446
109447
109448
109449
109450
109451
109452
109453
109454
109455
109456
109457
109458
109459
109460
100553
101218
101328
101369
101379
101390
100837
100851
100861
109461
100570
109462
109463
100586
100602
109464
109465
109466
100609
109467
100615
101396
109468
100619
101248
100624
101397
109469
100627
101251
100632
101398
109470
100635
101254
100640
101399
109471
100643
101257
100648
101400
109472
100651
101260
100656
101401
109473
100659
101263
100664
101402
109474
100667
101266
100672
101403
109475
100674
100675
109476
109477
109478
109479
109480
109481
109482
109483
109484
109485
100693
100709
100726
100742
100750
100758
100771
100787
100795
100811
100819
100835
109486
109487
109488
109489
109490
109491
109492
109493
109494
109495
109496
109497
109498
109499
109500
109501
109502
109503
109504
109505
109506
109507
109508
109509
109510
109511
109512
109513
109514
109515
109516
109517
109518
109519
109520
109521
109522
109523
109524
109525
109526
109527
109528
109529
109530
109531
109532
109533
109534
109535
109536
109537
109538
109539
109540
109541
109542
109543
109544
109545
109546
109547
109548
101331
100844
100858
100869
101346
100882
101373
101385
101394
109549
1390
1389
1391
1392
1393
1394
1395
1396
1397
1398
1399
1194
1193
1197
1200
1203
1206
1209
1212
1215
1218
1222
1170
1190
1192
1169
1189
1191
1172
1195
1196
1174
1198
1199
1176
1201
1202
1178
1204
1205
1180
1207
1208
1183
1210
1211
1186
1213
1214
1188
1216
1217
1220
1221
1251
1250
1265
1279
1293
1307
1321
1335
1349
1363
1377
1379
1378
1380
1381
1382
1383
1384
1385
1386
1387
1388
1225
1224
1252
1266
1280
1294
1308
1322
1336
1350
1364
1227
1229
1231
1233
1235
1237
1239
1241
1243
1245
1247
1249
1226
1228
1230
1232
1234
1236
1238
1240
1242
1244
1246
1248
1253
1254
1255
1256
1257
1258
1259
1260
1261
1262
1263
1264
1267
1268
1269
1270
1271
1272
1273
1274
1275
1276
1277
1278
1281
1282
1283
1284
1285
1286
1287
1288
1289
1290
1291
1292
1295
1296
1297
1298
1299
1300
1301
1302
1303
1304
1305
1306
1309
1310
1311
1312
1313
1314
1315
1316
1317
1318
1319
1320
1323
1324
1325
1326
1327
1328
1329
1330
1331
1332
1333
1334
1337
1338
1339
1340
1341
1342
1343
1344
1345
1346
1347
1348
1351
1352
1353
1354
1355
1356
1357
1358
1359
1360
1361
1362
1365
1366
1367
1368
1369
1370
1371
1372
1373
1374
1375
1376
1401
1400
1402
1403
1404
1405
1406
1407
1408
1409
1410
109550
109551
109552
109553
)


// ************************************************************************* //
