/*--------------------------------*- C++ -*----------------------------------*\
  =========                 |
  \\      /  F ield         | OpenFOAM: The Open Source CFD Toolbox
   \\    /   O peration     | Website:  https://openfoam.org
    \\  /    A nd           | Version:  7
     \\/     M anipulation  |
\*---------------------------------------------------------------------------*/
FoamFile
{
    version     2.0;
    format      ascii;
    class       labelList;
    location    "constant/polyMesh";
    object      pointProcAddressing;
}
// * * * * * * * * * * * * * * * * * * * * * * * * * * * * * * * * * * * * * //


16342
(
66950
84430
84431
66951
84432
84433
84434
84435
84436
84437
84438
84439
84440
84441
84442
84443
66952
84444
84445
66965
84446
84447
84448
66966
84449
84450
84451
84452
84453
84454
84455
84456
84457
84458
84459
84460
84461
84462
66979
84463
84464
66980
84465
84466
84467
84468
84469
84470
84471
84472
84473
84474
84475
84476
84477
84478
66993
84479
84480
66994
84481
84482
84483
84484
84485
84486
84487
84488
84489
84490
84491
84492
84493
84494
67007
84495
84496
67008
84497
84498
84499
84500
84501
84502
84503
84504
84505
84506
84507
84508
84509
84510
67021
84511
84512
67022
84513
84514
84515
84516
84517
84518
84519
84520
84521
84522
84523
84524
84525
84526
67035
84527
84528
67036
84529
84530
84531
84532
84533
84534
84535
84536
84537
84538
84539
84540
84541
84542
67049
84543
84544
67050
84545
84546
84547
84548
84549
84550
84551
84552
84553
84554
84555
84556
84557
84558
67063
84559
84560
67064
84561
84562
84563
84564
84565
84566
84567
84568
84569
84570
84571
84572
84573
84574
67077
84575
84576
84577
84578
84579
84580
84581
84582
84583
84584
84585
84586
84587
84588
84589
84590
84591
84592
84593
84594
84595
84596
84597
84598
84599
84600
84601
84602
84603
84604
84605
84606
84607
84608
84609
84610
84611
84612
84613
84614
84615
84616
84617
84618
84619
84620
84621
84622
84623
84624
84625
84626
84627
84628
84629
84630
84631
84632
84633
84634
84635
84636
84637
84638
84639
84640
84641
84642
84643
84644
84645
84646
84647
84648
84649
84650
84651
84652
84653
84654
84655
84656
84657
84658
84659
84660
84661
84662
84663
84664
84665
84666
84667
84668
84669
84670
84671
84672
84673
84674
84675
84676
84677
84678
84679
84680
84681
84682
84683
84684
84685
84686
84687
84688
84689
84690
84691
84692
84693
84694
84695
84696
84697
84698
84699
84700
84701
84702
84703
84704
84705
84706
84707
84708
84709
84710
84711
84712
84713
84714
84715
84716
84717
84718
84719
84720
84721
84722
84723
84724
84725
84726
84727
84728
84729
84730
84731
84732
84733
84734
84735
84736
84737
84738
84739
84740
84741
84742
84743
84744
84745
84746
84747
84748
84749
84750
84751
84752
84753
84754
84755
84756
84757
84758
84759
84760
84761
84762
84763
84764
84765
84766
84767
84768
84769
84770
84771
84772
84773
84774
84775
84776
84777
84778
84779
84780
84781
84782
84783
84784
84785
84786
84787
84788
84789
84790
84791
84792
84793
84794
84795
84796
84797
84798
84799
84800
84801
84802
84803
84804
84805
84806
84807
84808
84809
84810
84811
84812
84813
84814
84815
84816
84817
84818
84819
84820
84821
84822
84823
84824
84825
84826
84827
84828
84829
84830
84831
84832
84833
84834
84835
84836
84837
84838
84839
84840
84841
84842
84843
84844
84845
84846
84847
84848
84849
84850
84851
84852
84853
84854
84855
84856
84857
84858
84859
84860
84861
84862
84863
84864
84865
84866
84867
84868
84869
84870
84871
84872
84873
84874
84875
84876
84877
84878
84879
84880
84881
84882
84883
84884
84885
84886
84887
84888
84889
84890
84891
84892
84893
84894
84895
84896
84897
84898
84899
84900
84901
84902
84903
84904
84905
84906
84907
84908
84909
84910
84911
84912
84913
84914
84915
84916
84917
84918
84919
84920
84921
84922
84923
84924
84925
84926
84927
84928
84929
84930
84931
84932
84933
84934
84935
84936
84937
84938
84939
84940
84941
84942
84943
84944
84945
84946
84947
84948
84949
84950
84951
84952
84953
84954
84955
84956
84957
84958
84959
84960
84961
84962
84963
84964
84965
84966
84967
84968
84969
84970
84971
84972
84973
84974
84975
84976
84977
84978
84979
84980
84981
84982
84983
84984
84985
84986
84987
84988
84989
84990
84991
84992
84993
84994
84995
84996
84997
84998
84999
85000
85001
85002
85003
85004
85005
85006
85007
85008
85009
85010
85011
85012
85013
85014
85015
85016
85017
85018
85019
85020
85021
85022
85023
85024
85025
85026
85027
85028
85029
85030
85031
85032
85033
85034
85035
85036
85037
85038
85039
85040
85041
85042
85043
85044
85045
85046
85047
85048
67078
85049
85050
85051
85052
85053
85054
85055
85056
85057
85058
85059
85060
85061
85062
85063
85064
85065
85066
85067
85068
85069
85070
85071
85072
85073
85074
85075
85076
85077
85078
85079
85080
85081
85082
85083
85084
85085
85086
85087
85088
85089
85090
85091
85092
85093
85094
85095
85096
85097
85098
85099
85100
85101
85102
85103
85104
85105
85106
85107
85108
85109
85110
85111
85112
85113
85114
85115
85116
85117
85118
85119
85120
85121
85122
85123
85124
85125
85126
85127
85128
85129
85130
85131
85132
85133
85134
85135
85136
85137
85138
85139
85140
85141
85142
85143
85144
85145
85146
85147
85148
85149
85150
85151
85152
85153
85154
85155
85156
85157
85158
85159
85160
85161
85162
85163
85164
85165
85166
85167
85168
85169
85170
85171
85172
85173
85174
85175
85176
85177
85178
85179
85180
85181
85182
85183
85184
85185
85186
85187
85188
85189
85190
85191
85192
85193
68474
68477
85194
85195
68478
85196
85197
85198
85199
85200
85201
85202
85203
85204
85205
85206
85207
85208
85209
85210
85211
85212
68483
85213
68484
85214
85215
85216
85217
85218
85219
85220
85221
85222
85223
85224
85225
85226
85227
85228
85229
85230
85231
85232
68489
85233
68490
85234
85235
85236
85237
85238
85239
85240
85241
85242
85243
85244
85245
85246
85247
85248
85249
85250
85251
68495
85252
68496
85253
85254
85255
85256
85257
85258
85259
85260
85261
85262
85263
85264
85265
85266
85267
85268
85269
85270
68501
85271
68502
85272
85273
85274
85275
85276
85277
85278
85279
85280
85281
85282
85283
85284
85285
85286
85287
85288
85289
68507
85290
68508
85291
85292
85293
85294
85295
85296
85297
85298
85299
85300
85301
85302
85303
85304
85305
85306
85307
85308
68513
85309
68514
85310
85311
85312
85313
85314
85315
85316
85317
85318
85319
85320
85321
85322
85323
85324
85325
85326
85327
68519
85328
68520
85329
85330
85331
85332
85333
85334
85335
85336
85337
85338
85339
85340
85341
85342
85343
85344
85345
85346
68526
85347
85348
85349
85350
85351
85352
68525
85353
85354
85355
85356
85357
85358
85359
85360
85361
85362
85363
85364
85365
85366
85367
68531
85368
68532
85369
85370
85371
85372
85373
85374
85375
85376
85377
85378
85379
85380
85381
85382
85383
85384
85385
85386
85387
85388
85389
85390
85391
85392
85393
85394
85395
85396
85397
85398
85399
85400
85401
85402
85403
85404
85405
85406
85407
85408
85409
85410
85411
85412
85413
85414
85415
85416
85417
85418
85419
85420
85421
85422
85423
85424
85425
85426
85427
85428
85429
85430
85431
85432
85433
85434
85435
85436
85437
85438
85439
85440
85441
85442
85443
85444
85445
85446
85447
85448
85449
85450
85451
85452
85453
85454
85455
85456
85457
85458
85459
85460
85461
85462
85463
85464
85465
85466
85467
85468
85469
85470
85471
85472
85473
85474
85475
85476
85477
85478
85479
85480
85481
85482
85483
85484
85485
85486
85487
85488
85489
85490
85491
85492
85493
85494
85495
85496
85497
85498
85499
85500
85501
85502
85503
85504
85505
85506
85507
85508
85509
85510
85511
85512
85513
85514
85515
85516
85517
85518
85519
85520
85521
85522
85523
85524
85525
85526
85527
85528
85529
85530
85531
85532
85533
85534
85535
85536
85537
85538
85539
85540
85541
85542
85543
85544
85545
85546
85547
85548
85549
85550
85551
85552
85553
85554
85555
85556
85557
85558
85559
85560
85561
85562
85563
85564
85565
85566
85567
85568
85569
85570
85571
85572
85573
85574
85575
85576
85577
85578
85579
85580
85581
85582
85583
85584
85585
85586
85587
85588
85589
85590
85591
85592
85593
85594
85595
85596
85597
85598
85599
85600
85601
85602
85603
85604
85605
85606
85607
85608
85609
85610
85611
85612
85613
85614
85615
85616
85617
85618
85619
85620
85621
85622
85623
85624
85625
85626
85627
291
290
85628
85629
85630
85631
85632
85633
85634
85635
85636
85637
85638
85639
85640
85641
85642
85643
85644
85645
85646
85647
85648
85649
85650
85651
85652
85653
85654
85655
85656
85657
85658
85659
85660
85661
85662
85663
85664
85665
85666
85667
85668
292
85669
85670
85671
85672
85673
85674
85675
85676
85677
85678
85679
85680
85681
85682
85683
85684
85685
85686
85687
85688
85689
85690
85691
85692
85693
85694
85695
85696
85697
85698
85699
85700
85701
85702
85703
85704
85705
85706
85707
85708
85709
85710
85711
85712
85713
293
85714
85715
85716
85717
85718
85719
85720
85721
85722
85723
85724
85725
85726
85727
85728
85729
85730
85731
85732
85733
85734
85735
85736
85737
85738
85739
85740
294
85741
85742
85743
85744
85745
85746
85747
85748
85749
85750
85751
85752
85753
85754
85755
85756
85757
85758
85759
85760
85761
85762
85763
85764
85765
85766
85767
295
85768
85769
85770
85771
85772
85773
85774
85775
85776
85777
85778
85779
85780
85781
85782
85783
85784
85785
85786
85787
85788
85789
85790
85791
85792
85793
85794
296
85795
85796
85797
85798
85799
85800
85801
85802
85803
85804
85805
85806
85807
85808
85809
85810
85811
85812
85813
85814
85815
85816
85817
85818
85819
85820
85821
297
85822
85823
85824
85825
85826
85827
85828
85829
85830
85831
85832
85833
85834
85835
85836
85837
85838
85839
85840
85841
85842
85843
85844
85845
85846
85847
85848
298
85849
85850
85851
85852
85853
85854
85855
85856
85857
85858
85859
85860
85861
85862
85863
85864
85865
85866
85867
85868
85869
85870
85871
85872
85873
85874
85875
299
85876
85877
85878
85879
85880
85881
85882
85883
85884
85885
85886
85887
85888
85889
85890
85891
85892
85893
85894
85895
85896
85897
85898
85899
85900
85901
85902
85903
85904
85905
85906
85907
85908
85909
85910
85911
85912
85913
85914
300
85915
85916
85917
85918
85919
85920
85921
85922
85923
85924
85925
85926
85927
85928
85929
85930
85931
85932
85933
85934
85935
85936
85937
85938
85939
85940
85941
85942
85943
85944
85945
85946
85947
85948
85949
85950
85951
85952
85953
85954
85955
85956
85957
85958
85959
85960
85961
85962
85963
85964
85965
85966
85967
85968
85969
85970
85971
85972
85973
85974
85975
85976
85977
85978
85979
85980
85981
85982
85983
85984
85985
85986
85987
85988
85989
85990
85991
85992
85993
85994
85995
85996
85997
85998
85999
86000
86001
86002
86003
86004
86005
86006
86007
86008
86009
86010
86011
86012
86013
86014
86015
86016
86017
86018
86019
86020
86021
86022
86023
86024
86025
86026
86027
86028
86029
86030
86031
86032
86033
86034
86035
86036
86037
86038
86039
86040
86041
86042
86043
86044
86045
86046
86047
86048
86049
86050
86051
86052
86053
86054
86055
86056
86057
86058
86059
86060
86061
86062
86063
86064
86065
86066
86067
86068
86069
86070
86071
86072
86073
86074
86075
86076
86077
86078
86079
86080
86081
86082
86083
86084
86085
86086
86087
86088
86089
86090
86091
86092
86093
86094
86095
86096
86097
86098
86099
174
173
86100
86101
86102
86103
86104
86105
86106
86107
86108
86109
86110
86111
86112
86113
86114
86115
86116
86117
86118
86119
86120
86121
86122
86123
86124
86125
86126
86127
86128
197
86129
86130
86131
86132
86133
86134
86135
86136
86137
86138
86139
86140
86141
86142
86143
86144
86145
210
86146
86147
86148
86149
86150
86151
86152
86153
86154
86155
86156
86157
86158
86159
86160
220
86161
86162
86163
86164
86165
86166
86167
86168
86169
86170
86171
86172
86173
86174
86175
230
86176
86177
86178
86179
86180
86181
86182
86183
86184
86185
86186
86187
86188
86189
86190
240
86191
86192
86193
86194
86195
86196
86197
86198
86199
86200
86201
86202
86203
86204
86205
250
86206
86207
86208
86209
86210
86211
86212
86213
86214
86215
86216
86217
86218
86219
86220
260
86221
86222
86223
86224
86225
86226
86227
86228
86229
86230
86231
86232
86233
86234
86235
86236
270
86237
86238
86239
86240
86241
86242
86243
86244
86245
86246
86247
86248
86249
280
86250
86251
86252
86253
86254
86255
86256
86257
86258
86259
86260
86261
86262
86263
86264
86265
86266
86267
86268
86269
86270
86271
86272
86273
86274
86275
86276
86277
86278
86279
86280
86281
86282
86283
86284
86285
86286
86287
86288
86289
86290
86291
86292
86293
183
186
189
188
192
191
194
193
196
195
205
207
209
176
178
180
182
184
86294
86295
86296
66924
86297
86298
86299
86300
86301
86302
86303
86304
66926
86305
86306
86307
86308
86309
86310
86311
86312
66928
86313
86314
86315
86316
86317
86318
86319
86320
66930
86321
86322
86323
86324
86325
86326
86327
86328
66932
86329
86330
86331
86332
86333
86334
86335
86336
66934
86337
86338
86339
86340
86341
86342
86343
86344
66936
86345
86346
86347
86348
86349
86350
86351
86352
66938
86353
86354
86355
86356
86357
86358
86359
86360
66940
86361
86362
86363
86364
86365
86366
86367
86368
66942
86369
86370
86371
86372
86373
86374
86375
86376
66944
86377
86378
86379
86380
86381
86382
86383
86384
66946
86385
86386
86387
86388
86389
86390
86391
86392
66948
86393
86394
86395
86396
86397
86398
86399
86400
86401
86402
86403
86404
86405
86406
86407
86408
86409
86410
86411
86412
86413
86414
86415
86416
175
177
179
181
185
187
190
86417
66925
86418
86419
86420
86421
86422
86423
86424
86425
66927
86426
86427
86428
86429
86430
86431
86432
86433
66929
86434
86435
86436
86437
86438
86439
86440
86441
66931
86442
86443
86444
86445
86446
86447
86448
86449
66933
86450
86451
86452
86453
86454
86455
86456
86457
66935
86458
86459
86460
86461
86462
86463
86464
86465
66937
86466
86467
86468
86469
86470
86471
86472
86473
66939
86474
86475
86476
86477
86478
86479
86480
86481
66941
86482
86483
86484
86485
86486
86487
86488
86489
66943
86490
86491
86492
86493
86494
86495
86496
86497
66945
86498
86499
86500
86501
86502
86503
86504
86505
66947
86506
86507
86508
86509
86510
86511
86512
86513
66949
86514
86515
86516
86517
86518
86519
86520
86521
86522
86523
86524
86525
86526
86527
86528
86529
86530
86531
86532
86533
86534
86535
86536
86537
86538
86539
86540
86541
86542
86543
86544
86545
198
199
200
201
202
203
204
206
208
86546
86547
86548
86549
86550
86551
86552
86553
66953
86554
86555
86556
86557
86558
86559
86560
86561
66954
86562
86563
86564
86565
86566
86567
86568
86569
66955
86570
86571
86572
86573
86574
86575
86576
86577
66956
86578
86579
86580
86581
86582
86583
86584
86585
66957
86586
86587
86588
86589
86590
86591
86592
86593
66958
86594
86595
86596
86597
86598
86599
86600
86601
66959
86602
86603
86604
86605
86606
86607
86608
86609
66960
86610
86611
86612
86613
86614
86615
86616
86617
66961
86618
86619
86620
86621
86622
86623
86624
86625
66962
86626
86627
86628
86629
86630
86631
86632
86633
66963
86634
86635
86636
86637
86638
86639
86640
86641
66964
86642
86643
86644
86645
86646
86647
86648
86649
86650
86651
86652
86653
86654
86655
86656
86657
86658
86659
86660
86661
86662
86663
86664
86665
86666
86667
211
212
213
214
215
216
217
218
219
86668
86669
86670
86671
86672
86673
86674
86675
66967
86676
86677
86678
86679
86680
86681
86682
86683
66968
86684
86685
86686
86687
86688
86689
86690
86691
66969
86692
86693
86694
86695
86696
86697
86698
86699
66970
86700
86701
86702
86703
86704
86705
86706
86707
66971
86708
86709
86710
86711
86712
86713
86714
86715
66972
86716
86717
86718
86719
86720
86721
86722
86723
66973
86724
86725
86726
86727
86728
86729
86730
86731
66974
86732
86733
86734
86735
86736
86737
86738
86739
66975
86740
86741
86742
86743
86744
86745
86746
86747
66976
86748
86749
86750
86751
86752
86753
86754
86755
66977
86756
86757
86758
86759
86760
86761
86762
86763
66978
86764
86765
86766
86767
86768
86769
86770
86771
86772
86773
86774
86775
86776
86777
86778
86779
86780
86781
86782
86783
86784
86785
86786
86787
86788
221
222
223
224
225
226
227
228
229
86789
86790
86791
86792
86793
86794
86795
86796
66981
86797
86798
86799
86800
86801
86802
86803
86804
66982
86805
86806
86807
86808
86809
86810
86811
86812
66983
86813
86814
86815
86816
86817
86818
86819
86820
66984
86821
86822
86823
86824
86825
86826
86827
86828
66985
86829
86830
86831
86832
86833
86834
86835
86836
66986
86837
86838
86839
86840
86841
86842
86843
86844
66987
86845
86846
86847
86848
86849
86850
86851
86852
66988
86853
86854
86855
86856
86857
86858
86859
86860
66989
86861
86862
86863
86864
86865
86866
86867
86868
66990
86869
86870
86871
86872
86873
86874
86875
86876
66991
86877
86878
86879
86880
86881
86882
86883
86884
66992
86885
86886
86887
86888
86889
86890
86891
86892
86893
86894
86895
86896
86897
86898
86899
86900
86901
86902
86903
86904
86905
86906
86907
86908
86909
231
232
233
234
235
236
237
238
239
86910
86911
86912
86913
86914
86915
86916
86917
66995
86918
86919
86920
86921
86922
86923
86924
86925
66996
86926
86927
86928
86929
86930
86931
86932
86933
66997
86934
86935
86936
86937
86938
86939
86940
86941
66998
86942
86943
86944
86945
86946
86947
86948
86949
66999
86950
86951
86952
86953
86954
86955
86956
86957
67000
86958
86959
86960
86961
86962
86963
86964
86965
67001
86966
86967
86968
86969
86970
86971
86972
86973
67002
86974
86975
86976
86977
86978
86979
86980
86981
67003
86982
86983
86984
86985
86986
86987
86988
86989
67004
86990
86991
86992
86993
86994
86995
86996
86997
67005
86998
86999
87000
87001
87002
87003
87004
87005
67006
87006
87007
87008
87009
87010
87011
87012
87013
87014
87015
87016
87017
87018
87019
87020
87021
87022
87023
87024
87025
87026
87027
87028
87029
87030
241
242
243
244
245
246
247
248
249
87031
87032
87033
87034
87035
87036
87037
87038
67009
87039
87040
87041
87042
87043
87044
87045
87046
67010
87047
87048
87049
87050
87051
87052
87053
87054
67011
87055
87056
87057
87058
87059
87060
87061
87062
67012
87063
87064
87065
87066
87067
87068
87069
87070
67013
87071
87072
87073
87074
87075
87076
87077
87078
67014
87079
87080
87081
87082
87083
87084
87085
87086
67015
87087
87088
87089
87090
87091
87092
87093
87094
67016
87095
87096
87097
87098
87099
87100
87101
87102
67017
87103
87104
87105
87106
87107
87108
87109
87110
67018
87111
87112
87113
87114
87115
87116
87117
87118
67019
87119
87120
87121
87122
87123
87124
87125
87126
67020
87127
87128
87129
87130
87131
87132
87133
87134
87135
87136
87137
87138
87139
87140
87141
87142
87143
87144
87145
87146
87147
87148
87149
87150
87151
251
252
253
254
255
256
257
258
259
87152
87153
87154
87155
87156
87157
87158
87159
67023
87160
87161
87162
87163
87164
87165
87166
87167
67024
87168
87169
87170
87171
87172
87173
87174
87175
67025
87176
87177
87178
87179
87180
87181
87182
87183
67026
87184
87185
87186
87187
87188
87189
87190
87191
67027
87192
87193
87194
87195
87196
87197
87198
87199
67028
87200
87201
87202
87203
87204
87205
87206
87207
67029
87208
87209
87210
87211
87212
87213
87214
87215
67030
87216
87217
87218
87219
87220
87221
87222
87223
67031
87224
87225
87226
87227
87228
87229
87230
87231
67032
87232
87233
87234
87235
87236
87237
87238
87239
67033
87240
87241
87242
87243
87244
87245
87246
87247
67034
87248
87249
87250
87251
87252
87253
87254
87255
87256
87257
87258
87259
87260
87261
87262
87263
87264
87265
87266
87267
87268
87269
87270
87271
87272
261
262
263
264
265
266
267
268
269
87273
87274
87275
87276
87277
87278
87279
87280
67037
87281
87282
87283
87284
87285
87286
87287
87288
67038
87289
87290
87291
87292
87293
87294
87295
87296
67039
87297
87298
87299
87300
87301
87302
87303
87304
67040
87305
87306
87307
87308
87309
87310
87311
87312
67041
87313
87314
87315
87316
87317
87318
87319
87320
67042
87321
87322
87323
87324
87325
87326
87327
87328
67043
87329
87330
87331
87332
87333
87334
87335
87336
67044
87337
87338
87339
87340
87341
87342
87343
87344
67045
87345
87346
87347
87348
87349
87350
87351
87352
67046
87353
87354
87355
87356
87357
87358
87359
87360
67047
87361
87362
87363
87364
87365
87366
87367
87368
67048
87369
87370
87371
87372
87373
87374
87375
87376
87377
87378
87379
87380
87381
87382
87383
87384
87385
87386
87387
87388
87389
87390
87391
87392
87393
87394
271
272
273
274
275
276
277
278
279
87395
87396
87397
87398
87399
87400
87401
87402
67051
87403
87404
87405
87406
87407
87408
87409
87410
67052
87411
87412
87413
87414
87415
87416
87417
87418
67053
87419
87420
87421
87422
87423
87424
87425
87426
67054
87427
87428
87429
87430
87431
87432
87433
87434
67055
87435
87436
87437
87438
87439
87440
87441
87442
67056
87443
87444
87445
87446
87447
87448
87449
87450
67057
87451
87452
87453
87454
87455
87456
87457
87458
67058
87459
87460
87461
87462
87463
87464
87465
87466
67059
87467
87468
87469
87470
87471
87472
87473
87474
67060
87475
87476
87477
87478
87479
87480
87481
87482
67061
87483
87484
87485
87486
87487
87488
87489
87490
67062
87491
87492
87493
87494
87495
87496
87497
87498
87499
87500
87501
87502
87503
87504
87505
87506
87507
87508
87509
87510
87511
87512
87513
87514
87515
87516
87517
87518
87519
87520
87521
87522
281
282
283
284
285
286
287
288
289
87523
87524
87525
87526
87527
87528
87529
87530
67065
87531
87532
87533
87534
87535
87536
87537
87538
67066
87539
87540
87541
87542
87543
87544
87545
87546
67067
87547
87548
87549
87550
87551
87552
87553
87554
67068
87555
87556
87557
87558
87559
87560
87561
87562
67069
87563
87564
87565
87566
87567
87568
87569
87570
67070
87571
87572
87573
87574
87575
87576
87577
87578
67071
87579
87580
87581
87582
87583
87584
87585
87586
67072
87587
87588
87589
87590
87591
87592
87593
87594
67073
87595
87596
87597
87598
87599
87600
87601
87602
67074
87603
87604
87605
87606
87607
87608
87609
87610
67075
87611
87612
87613
87614
87615
87616
87617
87618
67076
87619
87620
87621
87622
87623
87624
87625
87626
87627
87628
87629
87630
87631
87632
87633
87634
87635
87636
87637
87638
87639
87640
87641
87642
87643
87644
87645
87646
87647
87648
87649
87650
87651
87652
87653
87654
87655
87656
87657
87658
87659
87660
87661
87662
87663
87664
87665
87666
87667
87668
87669
87670
87671
87672
87673
87674
87675
87676
87677
87678
87679
87680
87681
87682
87683
87684
87685
87686
87687
87688
87689
87690
87691
87692
87693
87694
87695
87696
87697
87698
87699
87700
87701
87702
87703
87704
87705
87706
87707
87708
87709
87710
87711
87712
87713
87714
87715
87716
87717
87718
87719
87720
87721
87722
87723
87724
87725
87726
87727
87728
87729
87730
87731
87732
87733
87734
87735
87736
87737
87738
87739
87740
87741
87742
87743
87744
87745
87746
87747
87748
87749
87750
87751
87752
87753
87754
87755
87756
87757
87758
87759
87760
87761
87762
87763
87764
87765
87766
87767
87768
87769
87770
87771
87772
87773
87774
87775
87776
87777
87778
87779
87780
87781
87782
87783
87784
87785
87786
87787
87788
87789
87790
87791
87792
87793
87794
87795
87796
87797
87798
87799
87800
87801
87802
87803
87804
87805
87806
87807
87808
87809
87810
87811
87812
87813
87814
87815
87816
87817
87818
87819
87820
87821
87822
87823
87824
87825
87826
87827
87828
87829
87830
87831
87832
87833
87834
87835
87836
87837
87838
87839
87840
87841
87842
87843
87844
87845
87846
87847
87848
87849
87850
87851
87852
87853
87854
87855
87856
87857
87858
87859
87860
87861
87862
87863
87864
87865
87866
87867
87868
87869
87870
87871
87872
87873
87874
87875
87876
87877
87878
87879
87880
87881
87882
87883
87884
87885
87886
87887
87888
87889
87890
87891
87892
87893
87894
87895
87896
87897
87898
87899
87900
87901
87902
87903
87904
87905
87906
87907
87908
87909
87910
87911
87912
87913
87914
87915
87916
87917
87918
87919
87920
87921
87922
87923
87924
87925
87926
87927
87928
87929
87930
87931
87932
87933
87934
87935
87936
87937
87938
87939
87940
87941
87942
87943
87944
87945
87946
87947
87948
87949
87950
87951
87952
87953
87954
87955
87956
87957
87958
87959
87960
87961
87962
87963
87964
87965
87966
87967
87968
87969
87970
87971
87972
87973
87974
87975
87976
87977
87978
87979
87980
87981
87982
87983
87984
87985
87986
87987
87988
87989
87990
87991
87992
87993
87994
87995
87996
87997
87998
87999
88000
88001
88002
88003
88004
88005
88006
88007
88008
88009
88010
88011
88012
88013
88014
88015
88016
88017
88018
88019
88020
88021
88022
88023
88024
88025
88026
88027
88028
88029
88030
88031
88032
88033
88034
88035
88036
88037
88038
88039
88040
88041
88042
88043
88044
88045
88046
88047
88048
88049
88050
88051
88052
88053
88054
88055
88056
88057
88058
88059
88060
88061
88062
88063
88064
88065
88066
88067
88068
88069
88070
88071
88072
88073
88074
88075
88076
88077
88078
88079
88080
88081
88082
88083
88084
88085
88086
88087
88088
88089
88090
88091
88092
88093
88094
88095
88096
88097
88098
88099
88100
88101
88102
88103
88104
88105
88106
88107
88108
88109
88110
88111
88112
88113
88114
88115
88116
88117
88118
88119
88120
88121
88122
88123
88124
88125
88126
88127
88128
88129
88130
88131
88132
88133
88134
88135
88136
88137
88138
88139
88140
88141
88142
88143
88144
88145
88146
88147
88148
88149
88150
88151
88152
88153
88154
88155
88156
88157
88158
88159
88160
88161
88162
88163
88164
88165
88166
88167
88168
88169
88170
88171
88172
88173
88174
88175
88176
88177
88178
88179
88180
88181
88182
88183
88184
88185
88186
88187
88188
88189
88190
88191
88192
88193
88194
88195
88196
88197
88198
88199
88200
88201
88202
88203
88204
88205
88206
88207
88208
88209
88210
88211
88212
88213
88214
88215
88216
88217
88218
88219
88220
88221
88222
88223
88224
88225
88226
88227
88228
88229
88230
88231
88232
88233
88234
88235
88236
88237
88238
88239
88240
88241
88242
88243
88244
88245
88246
88247
88248
88249
88250
88251
88252
88253
88254
88255
88256
88257
88258
88259
88260
88261
88262
88263
88264
88265
88266
88267
88268
88269
88270
88271
88272
88273
88274
88275
88276
88277
88278
88279
88280
88281
88282
88283
88284
88285
88286
88287
88288
88289
88290
88291
88292
88293
88294
88295
88296
88297
88298
88299
88300
88301
88302
88303
88304
88305
88306
88307
88308
88309
88310
88311
88312
88313
88314
88315
88316
88317
88318
88319
88320
88321
88322
88323
88324
88325
88326
88327
88328
88329
88330
88331
88332
88333
88334
88335
88336
88337
88338
88339
88340
88341
88342
88343
88344
88345
88346
88347
88348
88349
88350
88351
88352
88353
88354
88355
88356
88357
88358
88359
88360
88361
88362
88363
88364
88365
88366
88367
88368
88369
88370
88371
88372
88373
88374
88375
88376
88377
88378
88379
88380
88381
88382
88383
88384
88385
88386
88387
88388
88389
88390
88391
88392
88393
88394
88395
88396
88397
88398
88399
88400
88401
88402
88403
88404
88405
88406
88407
88408
88409
88410
88411
88412
88413
88414
88415
88416
88417
88418
88419
88420
88421
88422
88423
88424
88425
88426
88427
88428
88429
88430
88431
88432
88433
88434
88435
88436
88437
88438
88439
88440
88441
88442
88443
88444
88445
88446
88447
88448
88449
88450
88451
88452
88453
88454
88455
88456
88457
88458
88459
88460
88461
88462
88463
88464
88465
88466
88467
88468
88469
88470
88471
88472
88473
88474
88475
88476
88477
88478
88479
88480
88481
88482
88483
88484
88485
88486
88487
88488
88489
88490
88491
88492
88493
88494
88495
88496
88497
88498
88499
88500
88501
88502
88503
88504
88505
88506
88507
88508
88509
88510
88511
88512
88513
88514
88515
88516
88517
88518
88519
88520
88521
88522
88523
88524
88525
88526
88527
88528
88529
88530
88531
88532
88533
88534
88535
88536
88537
88538
88539
88540
88541
88542
88543
88544
88545
88546
88547
88548
88549
88550
88551
88552
88553
88554
88555
88556
88557
88558
88559
88560
88561
88562
88563
88564
88565
88566
88567
88568
88569
88570
88571
88572
88573
88574
88575
88576
88577
88578
88579
88580
88581
88582
88583
88584
88585
88586
88587
88588
88589
88590
88591
88592
88593
88594
88595
88596
88597
88598
88599
88600
88601
88602
88603
88604
88605
88606
88607
88608
88609
88610
88611
88612
88613
88614
88615
88616
88617
88618
88619
88620
88621
88622
88623
88624
88625
88626
88627
88628
88629
88630
88631
88632
88633
88634
88635
88636
88637
88638
88639
88640
88641
88642
88643
88644
88645
88646
88647
88648
88649
88650
88651
88652
88653
88654
88655
88656
88657
88658
88659
88660
88661
88662
88663
88664
88665
88666
88667
88668
88669
88670
88671
88672
88673
88674
88675
88676
88677
88678
88679
88680
88681
88682
88683
88684
88685
88686
88687
88688
88689
88690
88691
88692
88693
88694
88695
88696
88697
88698
88699
88700
88701
88702
88703
88704
88705
88706
88707
88708
88709
88710
88711
88712
88713
88714
88715
88716
88717
88718
88719
88720
88721
88722
88723
88724
88725
88726
88727
88728
88729
88730
88731
88732
88733
88734
88735
88736
88737
88738
88739
88740
88741
88742
88743
88744
88745
88746
88747
88748
88749
88750
88751
88752
88753
88754
88755
88756
88757
88758
88759
88760
88761
88762
88763
88764
88765
88766
88767
88768
88769
88770
88771
88772
88773
88774
88775
88776
88777
88778
88779
88780
88781
88782
88783
88784
88785
88786
88787
88788
88789
88790
88791
88792
88793
88794
88795
88796
88797
88798
88799
88800
88801
88802
88803
88804
88805
88806
88807
88808
88809
88810
88811
88812
88813
88814
88815
88816
88817
88818
88819
88820
88821
88822
88823
88824
88825
88826
88827
88828
88829
88830
88831
88832
88833
88834
88835
88836
88837
88838
88839
88840
88841
88842
88843
88844
88845
88846
88847
88848
88849
88850
88851
88852
88853
88854
88855
88856
88857
88858
88859
88860
88861
88862
88863
88864
88865
88866
88867
88868
88869
88870
88871
88872
88873
88874
88875
88876
88877
88878
88879
88880
88881
88882
88883
88884
88885
88886
88887
88888
88889
88890
88891
88892
88893
88894
88895
88896
88897
88898
88899
88900
88901
88902
88903
88904
88905
88906
88907
88908
88909
88910
88911
88912
88913
88914
88915
88916
88917
88918
88919
88920
88921
88922
88923
88924
88925
88926
88927
88928
88929
88930
88931
88932
88933
88934
88935
88936
88937
88938
88939
88940
88941
88942
88943
88944
88945
88946
88947
88948
88949
88950
88951
88952
88953
88954
88955
88956
88957
88958
88959
88960
88961
88962
88963
88964
88965
88966
88967
88968
88969
88970
88971
88972
88973
88974
88975
88976
88977
88978
88979
88980
88981
88982
88983
88984
88985
88986
88987
88988
88989
88990
88991
88992
88993
88994
88995
88996
88997
88998
88999
89000
89001
89002
89003
89004
89005
89006
89007
89008
89009
89010
89011
89012
89013
89014
89015
89016
89017
89018
89019
89020
89021
89022
89023
89024
89025
89026
89027
89028
89029
89030
89031
89032
89033
89034
89035
89036
89037
89038
89039
89040
89041
89042
89043
89044
89045
89046
89047
89048
89049
89050
89051
89052
89053
89054
89055
89056
89057
89058
89059
89060
89061
89062
89063
89064
89065
89066
89067
89068
89069
89070
89071
89072
89073
89074
89075
89076
89077
89078
89079
89080
89081
89082
89083
89084
89085
89086
89087
89088
89089
89090
89091
89092
89093
89094
89095
89096
89097
89098
89099
89100
89101
89102
89103
89104
89105
89106
89107
89108
89109
89110
89111
89112
89113
89114
89115
89116
89117
89118
89119
89120
89121
89122
89123
89124
89125
89126
89127
89128
89129
89130
89131
89132
89133
89134
89135
89136
89137
89138
89139
89140
89141
89142
89143
89144
89145
89146
89147
89148
89149
89150
89151
89152
89153
89154
89155
89156
89157
89158
89159
89160
89161
89162
89163
89164
89165
89166
89167
89168
89169
89170
89171
89172
89173
89174
89175
89176
89177
89178
89179
89180
89181
89182
89183
89184
89185
89186
89187
89188
89189
89190
89191
89192
89193
89194
89195
89196
89197
89198
89199
89200
89201
89202
89203
89204
89205
89206
89207
89208
89209
89210
89211
89212
89213
89214
89215
89216
89217
89218
89219
89220
89221
89222
89223
89224
89225
89226
89227
89228
89229
89230
89231
89232
89233
89234
89235
89236
89237
89238
89239
89240
89241
89242
89243
89244
89245
89246
89247
89248
89249
89250
89251
89252
89253
89254
89255
89256
89257
89258
89259
89260
89261
89262
89263
89264
89265
89266
89267
89268
89269
89270
89271
89272
89273
89274
89275
89276
89277
89278
89279
89280
89281
89282
89283
89284
89285
89286
89287
89288
89289
89290
89291
89292
89293
89294
89295
89296
89297
89298
89299
89300
89301
89302
89303
89304
89305
89306
89307
89308
89309
89310
89311
89312
89313
89314
89315
89316
89317
89318
89319
89320
89321
89322
89323
89324
89325
89326
89327
89328
89329
89330
89331
89332
89333
89334
89335
89336
89337
89338
89339
89340
89341
89342
89343
89344
89345
89346
89347
89348
89349
89350
89351
89352
89353
89354
89355
89356
89357
89358
89359
89360
89361
89362
89363
89364
89365
89366
89367
89368
89369
89370
89371
89372
89373
89374
89375
89376
89377
89378
89379
89380
89381
89382
89383
89384
89385
89386
89387
89388
89389
89390
89391
89392
89393
89394
89395
89396
89397
89398
89399
89400
89401
89402
89403
89404
89405
89406
89407
89408
89409
89410
89411
89412
89413
89414
89415
89416
89417
89418
89419
89420
89421
89422
89423
89424
89425
89426
89427
89428
89429
89430
89431
89432
89433
89434
89435
89436
89437
89438
89439
89440
89441
89442
89443
89444
89445
89446
89447
89448
89449
89450
89451
89452
89453
89454
89455
89456
89457
89458
89459
89460
89461
89462
89463
89464
89465
89466
89467
89468
89469
89470
89471
89472
89473
89474
89475
89476
89477
89478
89479
89480
89481
89482
89483
89484
89485
89486
89487
89488
89489
89490
89491
89492
89493
89494
89495
89496
89497
89498
89499
89500
89501
89502
89503
89504
89505
89506
89507
89508
89509
89510
89511
89512
89513
89514
89515
89516
89517
89518
89519
89520
89521
89522
89523
89524
89525
89526
89527
89528
89529
89530
89531
89532
89533
89534
89535
89536
89537
89538
89539
89540
89541
89542
89543
89544
89545
89546
89547
89548
89549
89550
89551
89552
89553
89554
89555
89556
89557
89558
89559
89560
89561
89562
89563
89564
89565
89566
89567
89568
89569
89570
89571
89572
89573
89574
89575
89576
89577
89578
89579
89580
89581
89582
89583
89584
89585
89586
89587
89588
89589
89590
89591
89592
89593
89594
89595
89596
89597
89598
89599
89600
89601
89602
89603
89604
89605
89606
89607
89608
89609
89610
89611
89612
89613
89614
89615
89616
89617
89618
89619
89620
89621
89622
89623
89624
89625
89626
89627
89628
89629
89630
89631
89632
89633
89634
89635
89636
89637
89638
89639
89640
89641
89642
89643
89644
89645
89646
89647
89648
89649
89650
89651
89652
89653
89654
89655
89656
89657
89658
89659
89660
89661
89662
89663
89664
89665
89666
89667
89668
89669
89670
89671
89672
89673
89674
89675
89676
89677
89678
89679
89680
89681
89682
89683
89684
89685
89686
89687
89688
89689
89690
89691
89692
89693
89694
89695
89696
89697
89698
89699
89700
89701
89702
89703
89704
89705
89706
89707
89708
89709
89710
89711
89712
89713
89714
89715
89716
89717
89718
89719
89720
89721
89722
89723
89724
89725
89726
89727
89728
89729
89730
89731
89732
89733
89734
89735
89736
89737
89738
89739
89740
89741
89742
89743
89744
89745
89746
89747
89748
89749
89750
89751
89752
89753
89754
89755
89756
89757
89758
89759
89760
89761
89762
89763
89764
89765
89766
89767
89768
89769
89770
89771
89772
89773
89774
89775
89776
89777
89778
89779
89780
89781
89782
89783
89784
89785
89786
89787
89788
89789
89790
89791
89792
89793
89794
89795
89796
89797
89798
89799
89800
89801
89802
89803
89804
89805
89806
89807
89808
89809
89810
89811
89812
89813
89814
89815
89816
89817
89818
89819
89820
89821
89822
89823
89824
89825
89826
89827
89828
89829
89830
89831
89832
89833
89834
89835
89836
89837
89838
89839
89840
89841
89842
89843
89844
89845
89846
89847
89848
89849
89850
89851
89852
89853
89854
89855
89856
89857
89858
89859
89860
89861
89862
89863
89864
89865
89866
89867
89868
89869
89870
89871
89872
89873
89874
89875
89876
89877
89878
89879
89880
89881
89882
89883
89884
89885
89886
89887
89888
89889
89890
89891
89892
89893
89894
89895
89896
89897
89898
89899
89900
89901
89902
89903
89904
89905
89906
89907
89908
89909
89910
89911
89912
89913
89914
89915
89916
89917
89918
89919
89920
89921
89922
89923
89924
89925
89926
89927
89928
89929
89930
89931
89932
89933
89934
89935
89936
89937
89938
89939
89940
89941
89942
89943
89944
89945
89946
89947
89948
89949
89950
89951
89952
89953
89954
89955
89956
89957
89958
89959
89960
89961
89962
89963
89964
89965
89966
89967
89968
89969
89970
89971
89972
89973
89974
89975
89976
89977
89978
89979
89980
89981
89982
89983
89984
89985
89986
89987
89988
89989
89990
89991
89992
89993
89994
89995
89996
89997
89998
89999
90000
90001
90002
90003
90004
90005
90006
90007
90008
90009
90010
90011
90012
90013
90014
90015
90016
90017
90018
90019
90020
90021
90022
90023
90024
90025
90026
90027
90028
90029
90030
90031
90032
90033
90034
90035
90036
90037
90038
90039
90040
90041
90042
90043
90044
90045
90046
90047
90048
90049
90050
90051
90052
90053
90054
90055
90056
90057
90058
90059
90060
90061
90062
90063
90064
90065
90066
90067
90068
90069
90070
90071
90072
90073
90074
90075
90076
90077
90078
90079
90080
90081
90082
90083
90084
90085
90086
90087
90088
90089
90090
90091
90092
90093
90094
90095
90096
90097
90098
90099
90100
90101
90102
90103
90104
90105
90106
90107
90108
90109
90110
90111
90112
90113
90114
90115
90116
90117
90118
90119
90120
90121
90122
90123
90124
90125
90126
90127
90128
90129
90130
90131
90132
90133
90134
90135
90136
90137
90138
90139
90140
90141
90142
90143
90144
90145
90146
90147
90148
90149
90150
90151
90152
90153
90154
90155
90156
90157
90158
90159
90160
90161
90162
90163
90164
90165
90166
90167
90168
90169
90170
90171
90172
90173
90174
90175
90176
90177
90178
90179
90180
90181
90182
90183
90184
90185
90186
90187
90188
90189
90190
90191
90192
90193
90194
90195
90196
90197
90198
90199
90200
90201
90202
90203
90204
90205
90206
90207
90208
90209
90210
90211
90212
90213
90214
90215
90216
90217
90218
90219
90220
90221
90222
90223
90224
90225
90226
90227
90228
90229
90230
90231
90232
90233
90234
90235
90236
90237
90238
90239
90240
90241
90242
90243
90244
90245
90246
90247
90248
90249
90250
90251
90252
90253
90254
90255
90256
90257
90258
90259
90260
90261
90262
90263
90264
90265
90266
90267
90268
90269
90270
90271
90272
90273
90274
90275
90276
90277
90278
90279
90280
90281
90282
90283
90284
90285
90286
90287
90288
90289
90290
90291
90292
90293
90294
90295
90296
90297
90298
90299
90300
90301
90302
90303
90304
90305
90306
90307
90308
90309
90310
90311
90312
90313
90314
90315
90316
90317
90318
90319
90320
90321
90322
90323
90324
90325
90326
90327
90328
90329
90330
90331
90332
90333
90334
90335
90336
90337
90338
90339
90340
90341
90342
90343
90344
90345
90346
90347
90348
90349
90350
90351
90352
90353
90354
90355
90356
90357
90358
90359
90360
90361
90362
90363
90364
90365
90366
90367
90368
90369
90370
90371
90372
90373
90374
90375
90376
90377
90378
90379
90380
90381
90382
90383
90384
90385
90386
90387
90388
90389
90390
90391
90392
90393
90394
90395
90396
90397
90398
90399
90400
90401
90402
90403
90404
90405
90406
90407
90408
90409
90410
90411
90412
90413
90414
90415
90416
90417
90418
90419
90420
90421
90422
90423
90424
90425
90426
90427
90428
90429
90430
90431
90432
90433
90434
90435
90436
90437
90438
90439
90440
90441
90442
90443
90444
90445
90446
90447
90448
90449
90450
90451
90452
90453
90454
90455
90456
90457
90458
90459
90460
90461
90462
90463
90464
90465
90466
90467
90468
90469
90470
90471
90472
90473
90474
90475
90476
90477
90478
90479
90480
90481
90482
90483
90484
90485
90486
90487
90488
90489
90490
90491
90492
90493
90494
90495
90496
90497
90498
90499
90500
90501
90502
90503
90504
90505
90506
90507
90508
90509
90510
90511
90512
90513
90514
90515
90516
90517
90518
90519
90520
90521
90522
90523
90524
90525
90526
90527
90528
90529
90530
90531
90532
90533
90534
90535
90536
90537
90538
90539
90540
90541
90542
90543
90544
90545
90546
90547
90548
90549
90550
90551
90552
90553
90554
90555
90556
90557
90558
90559
90560
90561
90562
90563
90564
90565
90566
90567
90568
90569
90570
90571
90572
90573
90574
90575
90576
90577
90578
90579
90580
90581
90582
90583
90584
90585
90586
90587
90588
90589
90590
90591
90592
90593
90594
90595
90596
90597
90598
90599
90600
90601
90602
90603
90604
90605
90606
90607
90608
90609
90610
90611
90612
90613
90614
90615
90616
90617
90618
90619
90620
90621
90622
90623
90624
90625
90626
90627
90628
90629
90630
90631
90632
90633
90634
90635
90636
90637
90638
90639
90640
90641
90642
90643
90644
90645
90646
90647
90648
90649
90650
90651
90652
90653
90654
90655
90656
90657
90658
90659
90660
90661
90662
90663
90664
90665
90666
90667
90668
90669
90670
90671
90672
90673
90674
90675
90676
90677
90678
90679
90680
90681
90682
90683
90684
90685
90686
90687
90688
90689
90690
90691
90692
90693
90694
90695
90696
90697
90698
90699
90700
90701
90702
90703
90704
90705
90706
90707
90708
90709
90710
90711
90712
90713
90714
90715
90716
90717
90718
90719
90720
90721
90722
90723
90724
90725
90726
90727
90728
90729
90730
90731
90732
90733
90734
90735
90736
90737
90738
90739
90740
90741
90742
90743
90744
90745
90746
90747
90748
90749
90750
90751
90752
90753
90754
90755
90756
90757
90758
90759
90760
90761
90762
90763
90764
90765
90766
90767
90768
90769
90770
90771
90772
90773
90774
90775
90776
90777
90778
90779
90780
90781
90782
90783
90784
90785
90786
90787
90788
90789
90790
90791
90792
90793
90794
90795
90796
90797
90798
90799
90800
90801
90802
90803
90804
90805
90806
90807
90808
90809
90810
90811
90812
90813
90814
90815
90816
90817
90818
90819
90820
90821
90822
90823
90824
90825
90826
90827
90828
90829
90830
90831
90832
90833
90834
90835
90836
90837
90838
90839
90840
90841
90842
90843
90844
90845
90846
90847
90848
90849
90850
90851
90852
90853
90854
90855
90856
90857
90858
90859
90860
90861
90862
90863
90864
90865
90866
90867
90868
90869
90870
90871
90872
90873
90874
90875
90876
90877
90878
90879
90880
90881
90882
90883
90884
90885
90886
90887
90888
90889
90890
90891
90892
90893
90894
90895
90896
90897
90898
90899
90900
90901
90902
90903
90904
90905
90906
90907
90908
90909
90910
90911
90912
90913
90914
90915
90916
90917
90918
90919
90920
90921
90922
90923
90924
90925
90926
90927
90928
90929
90930
90931
90932
90933
90934
90935
90936
90937
90938
90939
90940
90941
90942
90943
90944
90945
90946
90947
90948
90949
90950
90951
90952
90953
90954
90955
90956
90957
90958
90959
90960
90961
90962
90963
90964
90965
90966
90967
90968
90969
90970
90971
90972
90973
90974
90975
90976
90977
90978
90979
90980
90981
90982
90983
90984
90985
90986
90987
90988
90989
90990
90991
90992
90993
90994
90995
90996
90997
90998
90999
91000
91001
91002
91003
91004
91005
91006
91007
91008
91009
91010
91011
91012
91013
91014
91015
91016
91017
91018
91019
91020
91021
91022
91023
91024
91025
91026
91027
91028
91029
91030
91031
91032
91033
91034
91035
91036
91037
91038
91039
91040
91041
91042
91043
91044
91045
91046
91047
91048
91049
91050
91051
91052
91053
91054
91055
91056
91057
91058
91059
91060
91061
91062
91063
91064
91065
91066
91067
91068
91069
91070
91071
91072
91073
91074
91075
91076
91077
91078
91079
91080
91081
91082
91083
91084
91085
91086
91087
91088
91089
91090
91091
91092
91093
91094
91095
91096
91097
91098
91099
91100
91101
91102
91103
91104
91105
91106
91107
91108
91109
91110
91111
91112
91113
91114
91115
91116
91117
91118
91119
91120
91121
91122
91123
91124
91125
91126
91127
91128
91129
91130
91131
91132
91133
91134
91135
91136
91137
91138
91139
91140
91141
91142
91143
91144
91145
91146
91147
91148
91149
91150
91151
91152
91153
91154
91155
91156
91157
91158
91159
91160
91161
91162
91163
91164
91165
91166
91167
91168
91169
91170
91171
91172
91173
91174
91175
91176
91177
91178
91179
91180
91181
91182
91183
91184
91185
91186
91187
91188
91189
91190
91191
91192
91193
91194
91195
91196
91197
91198
91199
91200
91201
91202
91203
91204
91205
91206
91207
91208
91209
91210
91211
91212
91213
91214
91215
91216
91217
91218
91219
91220
91221
91222
91223
91224
91225
91226
91227
91228
91229
91230
91231
91232
91233
91234
91235
91236
91237
91238
91239
91240
91241
91242
91243
91244
91245
91246
91247
91248
91249
91250
91251
91252
91253
91254
91255
91256
91257
91258
91259
91260
91261
91262
91263
91264
91265
91266
91267
91268
91269
91270
91271
91272
91273
91274
91275
91276
91277
91278
91279
91280
91281
91282
91283
91284
91285
91286
91287
91288
91289
91290
91291
91292
91293
91294
91295
91296
91297
91298
91299
91300
91301
91302
91303
91304
91305
91306
91307
91308
91309
91310
91311
91312
91313
91314
91315
91316
91317
91318
91319
91320
91321
91322
91323
91324
91325
91326
91327
91328
91329
91330
91331
91332
91333
91334
91335
91336
91337
91338
91339
91340
91341
91342
91343
91344
91345
91346
91347
91348
91349
91350
91351
91352
91353
91354
91355
91356
91357
91358
91359
91360
91361
91362
91363
91364
91365
91366
91367
91368
91369
91370
91371
91372
91373
91374
91375
91376
91377
91378
91379
91380
91381
91382
91383
91384
91385
91386
91387
91388
91389
91390
91391
91392
91393
91394
91395
91396
91397
91398
91399
91400
91401
91402
91403
91404
91405
91406
91407
91408
91409
91410
91411
91412
91413
91414
91415
91416
91417
91418
91419
91420
91421
91422
91423
91424
91425
91426
91427
91428
91429
91430
91431
91432
91433
91434
91435
91436
91437
91438
91439
91440
91441
91442
91443
91444
91445
91446
91447
91448
91449
91450
91451
91452
91453
91454
91455
91456
91457
91458
91459
91460
91461
91462
91463
91464
91465
91466
91467
91468
91469
91470
91471
91472
91473
91474
91475
91476
91477
91478
91479
91480
91481
91482
91483
91484
91485
91486
91487
91488
91489
91490
91491
91492
91493
91494
91495
91496
91497
91498
91499
91500
91501
91502
91503
91504
91505
91506
91507
91508
91509
91510
91511
91512
91513
91514
91515
91516
91517
91518
91519
91520
91521
91522
91523
91524
91525
91526
91527
91528
91529
91530
91531
91532
91533
91534
91535
91536
91537
91538
91539
91540
91541
91542
91543
91544
91545
91546
91547
91548
91549
91550
91551
91552
91553
91554
91555
91556
91557
91558
91559
91560
91561
91562
91563
91564
91565
91566
91567
91568
91569
91570
91571
91572
91573
91574
91575
91576
91577
91578
91579
91580
91581
91582
91583
91584
91585
91586
91587
91588
91589
91590
91591
91592
91593
91594
91595
91596
91597
91598
91599
91600
91601
91602
91603
91604
91605
91606
91607
91608
91609
91610
91611
91612
91613
91614
91615
91616
91617
91618
91619
91620
91621
91622
91623
91624
91625
91626
91627
91628
91629
91630
91631
91632
91633
91634
91635
91636
91637
91638
91639
91640
91641
91642
91643
91644
91645
91646
91647
91648
91649
91650
91651
91652
91653
91654
91655
91656
91657
91658
91659
91660
91661
91662
91663
91664
91665
91666
91667
91668
91669
91670
91671
91672
91673
91674
91675
91676
91677
91678
91679
91680
91681
91682
91683
91684
91685
91686
91687
91688
91689
91690
91691
91692
91693
91694
91695
91696
91697
91698
91699
91700
91701
91702
91703
91704
91705
91706
91707
91708
91709
91710
91711
91712
91713
91714
91715
91716
91717
91718
91719
91720
91721
91722
91723
91724
91725
91726
91727
91728
91729
91730
91731
91732
91733
91734
91735
91736
91737
91738
91739
91740
91741
91742
91743
91744
91745
91746
91747
91748
91749
91750
91751
91752
91753
91754
91755
91756
91757
91758
91759
91760
91761
91762
91763
91764
91765
91766
91767
91768
91769
91770
91771
91772
91773
91774
91775
91776
91777
91778
91779
91780
91781
91782
91783
91784
91785
91786
91787
91788
91789
91790
91791
91792
91793
91794
91795
91796
91797
91798
91799
91800
91801
91802
91803
91804
91805
91806
91807
91808
91809
91810
91811
91812
91813
91814
91815
91816
91817
91818
91819
91820
91821
91822
91823
91824
91825
91826
91827
91828
91829
91830
91831
91832
91833
91834
91835
91836
91837
91838
91839
91840
91841
91842
91843
91844
91845
91846
91847
91848
91849
91850
91851
91852
91853
91854
91855
91856
91857
91858
91859
91860
91861
91862
91863
91864
91865
91866
91867
91868
91869
91870
91871
91872
91873
91874
91875
91876
91877
91878
91879
91880
91881
91882
91883
91884
91885
91886
91887
91888
91889
91890
91891
91892
91893
91894
91895
91896
91897
91898
91899
91900
91901
91902
91903
91904
91905
91906
91907
91908
91909
91910
91911
91912
91913
91914
91915
91916
91917
91918
91919
91920
91921
91922
91923
91924
91925
91926
91927
91928
91929
91930
91931
91932
91933
91934
91935
91936
91937
91938
91939
91940
91941
91942
91943
91944
91945
91946
91947
91948
91949
91950
91951
91952
91953
91954
91955
91956
91957
91958
91959
91960
91961
91962
91963
91964
91965
91966
91967
91968
91969
91970
91971
91972
91973
91974
91975
91976
91977
91978
91979
91980
91981
91982
91983
91984
91985
91986
91987
91988
91989
91990
91991
91992
91993
91994
91995
91996
91997
91998
91999
92000
92001
92002
92003
92004
92005
92006
92007
92008
92009
92010
92011
92012
92013
92014
92015
92016
92017
92018
92019
92020
92021
92022
92023
92024
92025
92026
92027
92028
92029
92030
92031
92032
92033
92034
92035
92036
92037
92038
92039
92040
92041
92042
92043
92044
92045
92046
92047
92048
92049
92050
92051
92052
92053
92054
92055
92056
92057
92058
92059
92060
92061
92062
92063
92064
92065
92066
92067
92068
92069
92070
92071
92072
92073
92074
92075
92076
92077
92078
92079
92080
92081
92082
92083
92084
92085
92086
92087
92088
92089
92090
92091
92092
92093
92094
92095
92096
92097
92098
92099
92100
92101
92102
92103
92104
92105
92106
92107
92108
92109
92110
92111
92112
92113
92114
92115
92116
92117
92118
92119
92120
92121
92122
92123
92124
92125
92126
92127
92128
92129
92130
92131
92132
92133
92134
92135
92136
92137
92138
92139
92140
92141
92142
92143
92144
92145
92146
92147
92148
92149
92150
92151
92152
92153
92154
92155
92156
92157
92158
92159
92160
92161
92162
92163
92164
92165
92166
92167
92168
92169
92170
92171
92172
92173
92174
92175
92176
92177
92178
92179
92180
92181
92182
92183
92184
92185
92186
92187
92188
92189
92190
92191
92192
92193
92194
92195
92196
92197
92198
92199
92200
92201
92202
92203
92204
92205
92206
92207
92208
92209
92210
92211
92212
92213
92214
92215
92216
92217
92218
92219
92220
92221
92222
92223
92224
92225
92226
92227
92228
92229
92230
92231
92232
92233
92234
92235
92236
92237
92238
92239
92240
92241
92242
92243
92244
92245
92246
92247
92248
92249
92250
92251
92252
92253
92254
92255
92256
92257
92258
92259
92260
92261
92262
92263
92264
92265
92266
92267
92268
92269
92270
92271
92272
92273
92274
92275
92276
92277
92278
92279
92280
92281
92282
92283
92284
92285
92286
92287
92288
92289
92290
92291
92292
92293
92294
92295
92296
92297
92298
92299
92300
92301
92302
92303
92304
92305
92306
92307
92308
92309
92310
92311
92312
92313
92314
92315
92316
92317
92318
92319
92320
92321
92322
92323
92324
92325
92326
92327
92328
92329
92330
92331
92332
92333
92334
92335
92336
92337
92338
92339
92340
92341
92342
92343
92344
92345
92346
92347
92348
92349
92350
92351
92352
92353
92354
92355
92356
92357
92358
92359
92360
92361
92362
92363
92364
92365
92366
92367
92368
92369
92370
92371
92372
92373
92374
92375
92376
92377
92378
92379
92380
92381
92382
92383
92384
92385
92386
92387
92388
92389
92390
92391
92392
92393
92394
92395
92396
92397
92398
92399
92400
92401
92402
92403
92404
92405
92406
92407
92408
92409
92410
92411
92412
92413
92414
92415
92416
92417
92418
92419
92420
92421
92422
92423
92424
92425
92426
92427
92428
92429
92430
92431
92432
92433
92434
92435
92436
92437
92438
92439
92440
92441
92442
92443
92444
92445
92446
92447
92448
92449
92450
92451
92452
92453
92454
92455
92456
92457
92458
92459
92460
92461
92462
92463
92464
92465
92466
92467
92468
92469
92470
92471
92472
92473
92474
92475
92476
92477
92478
92479
92480
92481
92482
92483
92484
92485
92486
92487
92488
92489
92490
92491
92492
92493
92494
92495
92496
92497
92498
92499
92500
92501
92502
92503
92504
92505
92506
92507
92508
92509
92510
92511
92512
92513
92514
92515
92516
92517
92518
92519
92520
92521
92522
92523
92524
92525
92526
92527
92528
92529
92530
92531
92532
92533
92534
92535
92536
92537
92538
92539
92540
92541
92542
92543
92544
92545
92546
92547
92548
92549
92550
92551
92552
92553
92554
92555
92556
92557
92558
92559
92560
92561
92562
92563
92564
92565
92566
92567
92568
92569
92570
92571
92572
92573
92574
92575
92576
92577
92578
92579
92580
92581
92582
92583
92584
92585
92586
92587
92588
92589
92590
92591
92592
92593
92594
92595
92596
92597
92598
92599
92600
92601
92602
92603
92604
92605
92606
92607
92608
92609
92610
92611
92612
92613
92614
92615
92616
92617
92618
92619
92620
92621
92622
92623
92624
92625
92626
92627
92628
92629
92630
92631
92632
92633
92634
92635
92636
92637
92638
92639
92640
92641
92642
92643
92644
92645
92646
92647
92648
92649
92650
92651
92652
92653
92654
92655
92656
92657
92658
92659
92660
92661
92662
92663
92664
92665
92666
92667
92668
92669
92670
92671
92672
92673
92674
92675
92676
92677
92678
92679
92680
92681
92682
92683
92684
92685
92686
92687
92688
92689
92690
92691
92692
92693
92694
92695
92696
92697
92698
92699
92700
92701
92702
92703
92704
92705
92706
92707
92708
92709
92710
92711
92712
92713
92714
92715
92716
92717
92718
92719
92720
92721
92722
92723
92724
92725
92726
92727
92728
92729
92730
92731
92732
92733
92734
92735
92736
92737
92738
92739
92740
92741
92742
92743
92744
92745
92746
92747
92748
92749
92750
92751
92752
92753
92754
92755
92756
92757
92758
92759
92760
92761
92762
92763
92764
92765
92766
92767
92768
92769
92770
92771
92772
92773
92774
92775
92776
92777
92778
92779
92780
92781
92782
92783
92784
92785
92786
92787
92788
92789
92790
92791
92792
92793
92794
92795
92796
92797
92798
92799
92800
92801
92802
92803
92804
92805
92806
92807
92808
92809
92810
92811
92812
92813
92814
92815
92816
92817
92818
92819
92820
92821
92822
92823
92824
92825
92826
92827
92828
92829
92830
92831
92832
92833
92834
92835
92836
92837
92838
92839
92840
92841
92842
92843
92844
92845
92846
92847
92848
92849
92850
92851
92852
92853
92854
92855
92856
92857
92858
92859
92860
92861
92862
92863
92864
92865
92866
92867
92868
92869
92870
92871
92872
92873
92874
92875
92876
92877
92878
92879
92880
92881
92882
92883
92884
92885
92886
92887
92888
92889
92890
92891
92892
92893
92894
92895
92896
92897
92898
92899
92900
92901
92902
92903
92904
92905
92906
92907
92908
92909
92910
92911
92912
92913
92914
92915
92916
92917
92918
92919
92920
92921
92922
92923
92924
92925
92926
92927
92928
92929
92930
92931
92932
92933
92934
92935
92936
92937
92938
92939
92940
92941
92942
92943
92944
92945
92946
92947
92948
92949
92950
92951
92952
92953
92954
92955
92956
92957
92958
92959
92960
92961
92962
92963
92964
92965
92966
92967
92968
92969
92970
92971
92972
92973
92974
92975
92976
92977
92978
92979
92980
92981
92982
92983
92984
92985
92986
92987
92988
92989
92990
92991
92992
92993
92994
92995
92996
92997
92998
92999
93000
93001
93002
93003
93004
93005
93006
93007
93008
93009
93010
93011
93012
93013
93014
93015
93016
93017
93018
93019
93020
93021
93022
93023
93024
93025
93026
93027
93028
93029
93030
93031
93032
93033
93034
93035
93036
93037
93038
93039
93040
93041
93042
93043
93044
93045
93046
93047
93048
93049
93050
93051
93052
93053
93054
93055
93056
93057
93058
93059
93060
93061
93062
93063
93064
93065
93066
93067
93068
93069
93070
93071
93072
93073
93074
93075
93076
93077
93078
93079
93080
93081
93082
93083
93084
93085
93086
93087
93088
93089
93090
93091
93092
93093
93094
93095
93096
93097
93098
93099
93100
93101
93102
93103
93104
93105
93106
93107
93108
93109
93110
93111
93112
93113
93114
93115
93116
93117
93118
93119
93120
93121
93122
93123
93124
93125
93126
93127
93128
93129
93130
93131
93132
93133
93134
93135
93136
93137
93138
93139
93140
93141
93142
93143
93144
93145
93146
93147
93148
93149
93150
93151
93152
93153
93154
93155
93156
93157
93158
93159
93160
93161
93162
93163
93164
93165
93166
93167
93168
93169
93170
93171
93172
93173
93174
93175
93176
93177
93178
93179
93180
93181
93182
93183
93184
93185
93186
93187
93188
93189
93190
93191
93192
93193
93194
93195
93196
93197
93198
93199
93200
93201
93202
93203
93204
93205
93206
93207
93208
93209
93210
93211
93212
93213
93214
93215
93216
93217
93218
93219
93220
93221
93222
93223
93224
93225
93226
93227
93228
93229
93230
93231
93232
93233
93234
93235
93236
93237
93238
93239
93240
93241
93242
93243
93244
93245
93246
93247
93248
93249
93250
93251
93252
93253
93254
93255
93256
93257
93258
93259
93260
93261
93262
93263
93264
93265
93266
93267
93268
93269
93270
93271
93272
93273
93274
93275
93276
93277
93278
93279
93280
93281
93282
93283
93284
93285
93286
93287
93288
93289
93290
93291
93292
93293
93294
93295
93296
93297
93298
93299
93300
93301
93302
93303
93304
93305
93306
93307
93308
93309
93310
93311
93312
93313
93314
93315
93316
93317
93318
93319
93320
93321
93322
93323
93324
93325
93326
93327
93328
93329
93330
93331
93332
93333
93334
93335
93336
93337
93338
93339
93340
93341
93342
93343
93344
93345
93346
93347
93348
93349
93350
93351
93352
93353
93354
93355
93356
93357
93358
93359
93360
93361
93362
93363
93364
93365
93366
93367
93368
93369
93370
93371
93372
93373
93374
93375
93376
93377
93378
93379
93380
93381
93382
93383
93384
93385
93386
93387
93388
93389
93390
93391
93392
93393
93394
93395
93396
93397
93398
93399
93400
93401
93402
93403
93404
93405
93406
93407
93408
93409
93410
93411
93412
93413
93414
93415
93416
93417
93418
93419
93420
93421
93422
93423
93424
93425
93426
93427
93428
93429
93430
93431
93432
93433
93434
93435
93436
93437
93438
93439
93440
93441
93442
93443
93444
93445
93446
93447
93448
93449
93450
93451
93452
93453
93454
93455
93456
93457
93458
93459
93460
93461
93462
93463
93464
93465
93466
93467
93468
93469
93470
93471
93472
93473
93474
93475
93476
93477
93478
93479
93480
93481
93482
93483
93484
93485
93486
93487
93488
93489
93490
93491
93492
93493
93494
93495
93496
93497
93498
93499
93500
93501
93502
93503
93504
93505
93506
93507
93508
93509
93510
93511
93512
93513
93514
93515
93516
93517
93518
93519
93520
93521
93522
93523
93524
93525
93526
93527
93528
93529
93530
93531
93532
93533
93534
93535
93536
93537
93538
93539
93540
93541
93542
93543
93544
93545
93546
93547
93548
93549
93550
93551
93552
93553
93554
93555
93556
93557
93558
93559
93560
93561
93562
93563
93564
93565
93566
93567
93568
93569
93570
93571
93572
93573
93574
93575
93576
93577
93578
93579
93580
93581
93582
93583
93584
93585
93586
93587
93588
93589
93590
93591
93592
93593
93594
93595
93596
93597
93598
93599
93600
93601
93602
93603
93604
93605
93606
93607
93608
93609
93610
93611
93612
93613
93614
93615
93616
93617
93618
93619
93620
93621
93622
93623
93624
93625
93626
93627
93628
93629
93630
93631
93632
93633
93634
93635
93636
93637
93638
93639
93640
93641
93642
93643
93644
93645
93646
93647
93648
93649
93650
93651
93652
93653
93654
93655
93656
93657
93658
93659
93660
93661
93662
93663
93664
93665
93666
93667
93668
93669
93670
93671
93672
93673
93674
93675
93676
93677
93678
93679
93680
93681
93682
93683
93684
93685
93686
93687
93688
93689
93690
93691
93692
93693
93694
93695
93696
93697
93698
93699
93700
93701
93702
93703
93704
93705
93706
93707
93708
93709
93710
93711
93712
93713
93714
93715
93716
93717
93718
93719
93720
93721
93722
93723
93724
93725
93726
93727
93728
93729
93730
93731
93732
93733
93734
93735
93736
93737
93738
93739
93740
93741
93742
93743
93744
93745
93746
93747
93748
93749
93750
93751
93752
93753
93754
93755
93756
93757
93758
93759
93760
93761
93762
93763
93764
93765
93766
93767
93768
93769
93770
93771
93772
93773
93774
93775
93776
93777
93778
93779
93780
93781
93782
93783
93784
93785
93786
93787
93788
93789
93790
93791
93792
93793
93794
93795
93796
93797
93798
93799
93800
93801
93802
93803
93804
93805
93806
93807
93808
93809
93810
93811
93812
93813
93814
93815
93816
93817
93818
93819
93820
93821
93822
93823
93824
93825
93826
93827
93828
93829
93830
93831
93832
93833
93834
93835
93836
93837
93838
93839
93840
93841
93842
93843
93844
93845
93846
93847
93848
93849
93850
93851
93852
93853
93854
93855
93856
93857
93858
93859
93860
93861
93862
93863
93864
93865
93866
93867
93868
93869
93870
93871
93872
93873
93874
93875
93876
93877
93878
93879
93880
93881
93882
93883
93884
93885
93886
93887
93888
93889
93890
93891
93892
93893
93894
93895
93896
93897
93898
93899
93900
93901
93902
93903
93904
93905
93906
93907
93908
93909
93910
93911
93912
93913
93914
93915
93916
93917
93918
93919
93920
93921
93922
93923
93924
93925
93926
93927
93928
93929
93930
93931
93932
93933
93934
93935
93936
93937
93938
93939
93940
93941
93942
93943
93944
93945
93946
93947
93948
93949
93950
93951
93952
93953
93954
93955
93956
93957
93958
93959
93960
93961
93962
93963
93964
93965
93966
93967
93968
93969
93970
93971
93972
93973
93974
93975
93976
93977
93978
93979
93980
93981
93982
93983
93984
93985
93986
93987
93988
93989
93990
93991
93992
93993
93994
93995
93996
93997
93998
93999
94000
94001
94002
94003
94004
94005
94006
94007
94008
94009
94010
94011
94012
94013
94014
94015
94016
94017
94018
94019
94020
94021
94022
94023
94024
94025
94026
94027
94028
94029
94030
94031
94032
94033
94034
94035
94036
94037
94038
94039
94040
94041
94042
94043
94044
94045
94046
94047
94048
94049
94050
94051
94052
94053
94054
94055
94056
94057
94058
94059
94060
94061
94062
94063
94064
94065
94066
94067
94068
94069
94070
94071
94072
94073
94074
94075
94076
94077
94078
94079
94080
94081
94082
94083
94084
94085
94086
94087
94088
94089
94090
94091
94092
94093
94094
94095
94096
94097
94098
94099
94100
94101
94102
94103
94104
94105
94106
94107
94108
94109
94110
94111
94112
94113
94114
94115
94116
94117
94118
94119
94120
94121
94122
94123
94124
94125
94126
94127
94128
94129
94130
94131
94132
94133
94134
94135
94136
94137
94138
94139
94140
94141
94142
94143
94144
94145
94146
94147
94148
94149
94150
94151
94152
94153
94154
94155
94156
94157
94158
94159
94160
94161
94162
94163
94164
94165
94166
94167
94168
94169
94170
94171
94172
94173
94174
94175
94176
94177
94178
94179
94180
94181
94182
94183
94184
94185
94186
94187
94188
94189
94190
94191
94192
94193
94194
94195
94196
94197
94198
94199
94200
94201
94202
94203
94204
94205
94206
94207
94208
94209
94210
94211
94212
94213
94214
94215
94216
94217
94218
94219
94220
94221
94222
94223
94224
94225
94226
94227
94228
94229
94230
94231
94232
94233
94234
94235
94236
94237
94238
94239
94240
94241
94242
94243
94244
94245
94246
94247
94248
94249
94250
94251
94252
94253
94254
94255
94256
94257
94258
94259
94260
94261
94262
94263
94264
94265
94266
94267
94268
94269
94270
94271
94272
94273
94274
94275
94276
94277
94278
94279
94280
94281
94282
94283
94284
94285
94286
94287
94288
94289
94290
94291
94292
94293
94294
94295
94296
94297
94298
94299
94300
94301
94302
94303
94304
94305
94306
94307
94308
94309
94310
94311
94312
94313
94314
94315
94316
94317
94318
94319
94320
94321
94322
94323
94324
94325
94326
94327
94328
94329
94330
94331
94332
94333
94334
94335
94336
94337
94338
94339
94340
94341
94342
94343
94344
94345
94346
94347
94348
94349
94350
94351
94352
94353
94354
94355
94356
94357
94358
94359
94360
94361
94362
94363
94364
94365
94366
94367
94368
94369
94370
94371
94372
94373
94374
94375
94376
94377
94378
94379
94380
94381
94382
94383
94384
94385
94386
94387
94388
94389
94390
94391
94392
94393
94394
94395
94396
94397
94398
94399
94400
94401
94402
94403
94404
94405
94406
94407
94408
94409
94410
94411
94412
94413
94414
94415
94416
94417
94418
94419
94420
94421
94422
94423
94424
94425
94426
94427
94428
94429
94430
94431
94432
94433
94434
94435
94436
94437
94438
94439
94440
94441
94442
94443
94444
94445
94446
94447
94448
94449
94450
94451
94452
94453
94454
94455
94456
94457
94458
94459
94460
94461
94462
94463
94464
94465
94466
94467
94468
94469
94470
94471
94472
94473
94474
94475
94476
94477
94478
94479
94480
94481
94482
94483
94484
94485
94486
94487
94488
94489
94490
94491
94492
94493
94494
94495
94496
94497
94498
94499
94500
94501
94502
94503
94504
94505
94506
94507
94508
94509
94510
94511
94512
94513
94514
94515
94516
94517
94518
94519
94520
94521
94522
94523
94524
94525
94526
94527
94528
94529
94530
94531
94532
94533
94534
94535
94536
94537
94538
94539
94540
94541
94542
94543
94544
94545
94546
94547
94548
94549
94550
94551
94552
94553
94554
94555
94556
94557
94558
94559
94560
94561
94562
94563
94564
94565
94566
94567
94568
94569
94570
94571
94572
94573
94574
94575
94576
94577
94578
94579
94580
94581
94582
94583
94584
94585
94586
94587
94588
94589
94590
94591
94592
94593
94594
94595
94596
94597
94598
94599
94600
94601
94602
94603
94604
94605
94606
94607
94608
94609
94610
94611
94612
94613
94614
94615
94616
94617
94618
94619
94620
94621
94622
94623
94624
94625
94626
94627
94628
94629
94630
94631
94632
94633
94634
94635
94636
94637
94638
94639
94640
94641
94642
94643
94644
94645
94646
94647
94648
94649
94650
94651
94652
94653
94654
94655
94656
94657
94658
94659
94660
94661
94662
94663
94664
94665
94666
94667
94668
94669
94670
94671
94672
94673
94674
94675
94676
94677
94678
94679
94680
94681
94682
94683
94684
94685
94686
94687
94688
94689
94690
94691
94692
94693
94694
94695
94696
94697
94698
94699
94700
94701
94702
94703
94704
94705
94706
94707
94708
94709
94710
94711
94712
94713
94714
94715
94716
94717
94718
94719
94720
94721
94722
94723
94724
94725
94726
94727
94728
94729
94730
94731
94732
94733
94734
94735
94736
94737
94738
94739
94740
94741
94742
94743
94744
94745
94746
94747
94748
94749
94750
94751
94752
94753
94754
94755
94756
94757
94758
94759
94760
94761
94762
94763
94764
94765
94766
94767
94768
94769
94770
94771
94772
94773
94774
94775
94776
94777
94778
94779
94780
94781
94782
94783
94784
94785
94786
94787
94788
94789
94790
94791
94792
94793
94794
94795
94796
94797
94798
94799
94800
94801
94802
94803
94804
94805
94806
94807
94808
94809
94810
94811
94812
94813
94814
94815
94816
94817
94818
94819
94820
94821
94822
23
69388
69390
69392
69394
69396
69398
69400
69402
69404
69406
69408
69410
94823
94824
22
69389
69391
69393
69395
69397
69399
69401
69403
69405
69407
69409
69411
38
69412
69413
69414
69415
69416
69417
69418
69419
69420
69421
69422
69423
53
69424
69425
69426
69427
69428
69429
69430
69431
69432
69433
69434
69435
64
69436
69437
69438
69439
69440
69441
69442
69443
69444
69445
69446
69447
75
69448
69449
69450
69451
69452
69453
69454
69455
69456
69457
69458
69459
86
69460
69461
69462
69463
69464
69465
69466
69467
69468
69469
69470
69471
97
69472
69473
69474
69475
69476
69477
69478
69479
69480
69481
69482
69483
112
69484
69485
69486
69487
69488
69489
69490
69491
69492
69493
69494
69495
127
69496
69497
69498
69499
69500
69501
69502
69503
69504
69505
69506
69507
145
69508
69509
69510
69511
69512
69513
69514
69515
69516
69517
69518
69519
94825
94826
94827
94828
94829
94830
94831
94832
94833
94834
94835
94836
94837
94838
94839
94840
94841
94842
94843
94844
94845
94846
94847
94848
94849
94850
94851
94852
94853
94854
94855
94856
94857
94858
94859
94860
94861
94862
94863
94864
94865
94866
94867
94868
94869
94870
94871
94872
94873
94874
94875
94876
94877
94878
94879
94880
94881
94882
94883
94884
94885
94886
94887
94888
94889
94890
94891
94892
94893
94894
94895
94896
94897
94898
94899
94900
94901
94902
94903
94904
94905
94906
94907
94908
94909
94910
94911
94912
94913
94914
94915
94916
94917
94918
94919
94920
94921
94922
94923
94924
94925
94926
94927
94928
94929
94930
94931
94932
94933
94934
94935
94936
94937
94938
94939
94940
94941
94942
94943
94944
94945
94946
94947
94948
94949
94950
94951
94952
94953
94954
94955
94956
94957
94958
94959
94960
94961
94962
94963
94964
94965
94966
94967
94968
94969
94970
94971
94972
94973
94974
94975
94976
94977
94978
94979
94980
94981
94982
94983
94984
94985
94986
94987
94988
94989
94990
94991
94992
94993
94994
94995
94996
94997
94998
94999
95000
95001
95002
95003
95004
95005
95006
95007
95008
95009
95010
95011
95012
95013
95014
95015
95016
95017
95018
95019
95020
95021
95022
95023
95024
95025
95026
95027
95028
95029
95030
95031
95032
95033
95034
95035
95036
95037
95038
95039
95040
95041
95042
95043
95044
95045
95046
95047
95048
95049
95050
95051
95052
95053
95054
95055
95056
95057
95058
95059
95060
95061
95062
95063
95064
95065
95066
95067
95068
95069
95070
95071
95072
95073
95074
95075
95076
95077
95078
95079
95080
95081
95082
95083
95084
95085
95086
95087
95088
95089
95090
95091
95092
95093
95094
95095
95096
95097
95098
95099
95100
95101
95102
95103
95104
95105
95106
95107
95108
95109
95110
95111
95112
95113
95114
95115
95116
95117
95118
95119
95120
95121
95122
95123
95124
95125
95126
95127
95128
95129
95130
95131
95132
95133
95134
95135
95136
95137
95138
95139
95140
95141
95142
95143
95144
95145
95146
95147
95148
95149
95150
95151
95152
95153
95154
95155
95156
95157
95158
95159
95160
95161
95162
95163
95164
95165
95166
95167
95168
95169
95170
95171
95172
95173
95174
95175
95176
95177
95178
95179
95180
95181
95182
95183
95184
95185
95186
95187
95188
95189
95190
95191
95192
95193
95194
95195
95196
95197
95198
95199
95200
95201
95202
95203
95204
95205
95206
95207
95208
95209
95210
95211
95212
95213
95214
95215
95216
95217
95218
95219
95220
95221
95222
95223
95224
95225
95226
95227
95228
95229
95230
95231
95232
95233
95234
95235
95236
95237
95238
95239
95240
95241
95242
95243
95244
95245
95246
95247
95248
95249
95250
95251
95252
95253
95254
95255
95256
95257
95258
95259
95260
95261
95262
95263
95264
95265
95266
95267
95268
95269
95270
95271
95272
95273
95274
95275
95276
95277
95278
95279
95280
95281
95282
95283
95284
95285
95286
95287
95288
95289
95290
95291
95292
95293
95294
95295
95296
95297
95298
95299
95300
95301
95302
95303
95304
95305
95306
95307
95308
95309
95310
95311
95312
95313
95314
95315
95316
95317
95318
95319
95320
95321
95322
95323
95324
95325
95326
95327
95328
95329
95330
95331
95332
95333
95334
95335
95336
95337
95338
95339
95340
95341
95342
95343
95344
95345
95346
95347
95348
95349
95350
95351
95352
95353
95354
95355
95356
95357
95358
95359
95360
95361
95362
95363
95364
95365
95366
95367
95368
95369
95370
95371
95372
95373
95374
95375
95376
95377
95378
95379
95380
95381
95382
95383
95384
95385
95386
95387
95388
95389
95390
95391
95392
95393
95394
95395
95396
95397
95398
95399
95400
95401
95402
95403
95404
95405
95406
95407
95408
95409
95410
95411
95412
95413
95414
95415
68619
69067
95416
95417
95418
95419
69072
95420
95421
95422
68638
69077
95423
95424
69082
95425
95426
69087
95427
95428
69092
95429
95430
69097
95431
95432
69102
95433
95434
69107
95435
95436
69112
95437
95438
95439
95440
68622
95441
69118
95442
95443
69069
95444
95445
68636
69073
95446
69078
95447
69083
95448
69088
95449
69093
95450
69098
95451
69103
95452
69108
95453
68621
69113
95454
95455
68617
68640
68659
68677
68695
68713
68731
68749
68767
68776
68785
68800
95456
68805
68817
68829
68841
68853
68865
68877
68889
68901
68913
68933
68945
68961
68973
68989
69001
69017
69033
69045
95457
68548
95458
95459
95460
95461
95462
68550
95463
95464
95465
95466
95467
68646
95468
68652
95469
95470
95471
95472
68664
95473
68670
95474
95475
95476
95477
68682
95478
68688
95479
95480
95481
95482
68700
95483
68706
95484
95485
95486
95487
68718
95488
68724
95489
95490
95491
95492
68736
95493
68742
95494
95495
95496
95497
68754
95498
68760
95499
95500
95501
68614
95502
95503
69225
69374
95504
95505
68629
95506
68780
68798
95507
68813
68837
68861
68885
68909
69141
69152
69163
69174
68618
95508
69120
95509
95510
68802
95511
69126
95512
95513
95514
68789
95515
95516
69194
95517
68821
95518
95519
69198
95520
68845
95521
95522
69202
95523
68869
95524
95525
69206
95526
68893
95527
95528
69210
95529
69138
95530
95531
69214
95532
69149
95533
95534
69218
95535
69160
95536
95537
69222
95538
69171
95539
95540
69184
95541
69182
95542
95543
95544
69188
95545
95546
95547
95548
95549
68639
68650
68634
68648
95550
95551
95552
68658
68668
68656
68666
95553
95554
95555
68676
68686
68674
68684
95556
95557
95558
68694
68704
68692
68702
95559
95560
95561
68712
68722
68710
68720
95562
95563
95564
68730
68740
68728
68738
95565
95566
95567
68748
68758
68746
68756
95568
95569
95570
68766
68764
68771
95571
95572
95573
69039
69227
69241
69057
95574
95575
68783
68784
95576
68792
95577
68793
68546
68552
68799
68797
95578
95579
68810
68816
68824
68825
68834
68840
68848
68849
68858
68864
68872
68873
68882
68888
68896
68897
68906
68912
68917
68919
69139
68941
69145
68949
69150
68969
69156
68977
69161
68997
69167
69005
69172
69025
69178
95580
69049
95581
69379
68612
68631
69191
69282
68803
95582
95583
68481
95584
68487
68493
68499
68505
68511
68517
68523
68529
68535
68537
68541
95585
95586
95587
68545
95588
68553
95589
68558
68561
95590
95591
68564
68567
95592
95593
68570
68573
95594
95595
68576
68579
95596
95597
68582
68585
95598
95599
68588
68591
95600
68594
68597
68600
68603
68606
68609
68616
68632
69189
68633
68649
68655
68667
68673
68685
68691
68703
68709
68721
68727
68739
68745
68757
68763
68772
69231
69245
69259
69273
95601
95602
68928
68932
68938
68944
68956
68960
68966
68972
68984
68988
68994
69000
69012
69016
69022
69028
95603
69032
69044
68475
95604
68539
95605
95606
95607
95608
95609
95610
95611
95612
68479
95613
68543
95614
95615
95616
68485
68563
95617
95618
95619
68491
68569
95620
95621
95622
68497
68575
95623
95624
95625
68503
68581
95626
95627
95628
68509
68587
95629
95630
95631
68515
68593
95632
95633
68521
68599
95634
95635
68527
68605
95636
95637
95638
68533
95639
95640
68611
95641
95642
95643
95644
95645
95646
95647
68930
68958
68986
69014
68620
68623
69068
95648
95649
95650
95651
69070
95652
95653
69071
69074
69075
95654
95655
68643
95656
95657
95658
69076
69079
69080
95659
95660
95661
69081
69084
69085
95662
95663
95664
69086
69089
69090
95665
95666
95667
69091
69094
69095
95668
95669
95670
69096
69099
69100
95671
95672
95673
69101
69104
69105
95674
95675
69106
69109
69110
95676
95677
69111
69114
69115
95678
68625
95679
95680
95681
95682
68627
69117
95683
95684
95685
69030
69252
69054
95686
68641
68926
68954
68982
69010
68774
69042
69236
69258
69060
68644
68651
68660
68661
68669
68678
68679
68687
68696
68697
68705
68714
68715
68723
68732
68733
68741
68750
68751
68759
68768
68769
68779
68777
95687
69280
68795
68788
68786
95688
95689
69124
69287
95690
69129
95691
68804
95692
95693
95694
68808
68806
68811
68827
68820
68818
69290
69295
68832
68830
68835
68851
68844
68842
69298
69303
68856
68854
68859
68875
68868
68866
69306
69311
68880
68878
68883
68899
68892
68890
69314
69319
68904
68902
68907
68923
68916
68914
69322
69327
68936
95695
68934
68939
68952
95696
68948
68946
69332
69337
68964
95697
68962
68967
68980
95698
68976
68974
69342
69347
68992
95699
68990
68995
69008
95700
69004
69002
69352
69357
69020
95701
69018
69023
95702
69037
69036
95703
69034
95704
69364
69369
95705
95706
95707
95708
68547
69123
95709
95710
95711
95712
95713
95714
95715
95716
69130
95717
95718
68635
68551
69285
95719
68654
95720
68647
68657
69293
95721
68672
95722
68665
68675
69301
95723
68690
95724
68683
68693
69309
95725
68708
95726
68701
68711
69317
95727
68726
95728
68719
68729
69325
95729
68744
95730
68737
68747
69335
95731
68762
95732
68755
68765
69345
68773
69355
68613
95733
95734
69226
95735
95736
95737
95738
68630
69367
95739
95740
69373
68781
68782
68796
68814
68815
68828
68838
68839
68852
68862
68863
68876
68886
68887
68900
68910
68911
68924
69143
69140
95741
69146
68942
69147
69154
69151
95742
69157
68970
69158
69165
69162
95743
69168
68998
69169
69176
69173
95744
69179
69026
69180
95745
95746
95747
69121
69281
95748
69283
69127
69132
68790
68791
68809
69195
69196
69291
68822
68823
68833
69199
69200
69299
68846
68847
68857
69203
69204
69307
68870
68871
68881
69207
69208
69315
68894
68895
68905
69211
69212
69323
68918
95749
69144
68920
69215
69216
69333
69148
95750
69155
68950
69219
69220
69343
69159
95751
69166
68978
69223
69224
69353
69170
95752
69177
69006
69365
69185
69187
95753
95754
69181
95755
95756
69040
69362
69230
95757
95758
69242
69385
95759
95760
69386
69378
95761
95762
69380
68476
95763
68486
68538
68540
95764
95765
95766
95767
95768
68482
68492
68559
68560
95769
95770
95771
95772
95773
68488
68498
68565
68566
95774
95775
95776
95777
95778
68494
68504
68571
68572
95779
95780
95781
95782
95783
68500
68510
68577
68578
95784
95785
95786
95787
95788
68506
68516
68583
68584
95789
95790
95791
95792
95793
68512
68522
68589
68590
95794
95795
95796
95797
68518
68528
68595
68596
95798
95799
95800
68524
68534
68601
68602
95801
95802
95803
68530
95804
69116
68607
68608
95805
95806
69119
95807
95808
95809
68542
95810
95811
95812
69122
95813
69286
95814
95815
95816
95817
69125
95818
95819
69128
95820
69131
95821
68549
95822
95823
95824
69133
68562
95825
69289
69294
95826
95827
69134
68568
95828
69297
69302
95829
95830
69135
68574
95831
69305
69310
95832
95833
69136
68580
95834
69313
69318
95835
95836
69137
68586
95837
68927
69321
69326
95838
95839
69142
68931
68937
68592
95840
68943
68955
69331
69336
95841
69153
68959
68965
68598
95842
68971
68983
69341
69346
69164
68987
68993
68604
95843
68999
69011
69351
69356
69175
69015
69021
68610
95844
69027
95845
69043
95846
95847
69363
95848
69368
95849
95850
68624
69183
68615
68626
69186
95851
68628
95852
95853
68642
69193
68653
68645
68662
69197
68671
68663
68680
69201
68689
68681
68698
69205
68707
68699
68716
69209
68725
68717
68734
69213
68743
68735
68752
69217
68761
68753
68770
69221
68775
95854
69239
69029
69233
69247
69267
69263
69251
69255
69269
69275
68778
95855
69279
95856
68794
68787
95857
95858
69284
69288
68812
68807
68826
68819
69292
69296
68836
68831
68850
68843
69300
69304
68860
68855
68874
68867
69308
69312
68884
68879
68898
68891
69316
69320
68908
68903
68922
68915
68921
68925
69324
69328
69329
95859
68940
68929
95860
68935
95861
68951
69330
95862
68947
68953
69334
69338
69339
95863
68968
68957
95864
68963
95865
68979
69340
95866
68975
68981
69344
69348
69349
95867
68996
68985
95868
68991
95869
69007
69350
95870
69003
69009
69354
69358
69359
95871
69024
69013
95872
69019
95873
69035
69360
95874
95875
95876
69038
69361
69031
69041
69053
69061
69065
69366
69370
68480
95877
68536
95878
95879
68544
95880
95881
95882
95883
95884
68555
95885
95886
95887
95888
95889
95890
95891
95892
95893
95894
95895
95896
95897
95898
95899
95900
95901
95902
95903
95904
95905
95906
95907
95908
95909
95910
95911
95912
95913
95914
95915
95916
95917
95918
95919
95920
95921
95922
95923
95924
95925
95926
95927
69052
69062
69066
95928
95929
95930
69234
69248
69254
69256
69270
69276
95931
95932
95933
95934
95935
95936
68557
95937
95938
95939
95940
95941
95942
95943
95944
95945
95946
95947
95948
95949
95950
95951
95952
95953
95954
95955
95956
95957
95958
95959
95960
95961
95962
95963
95964
95965
95966
95967
95968
95969
95970
95971
95972
95973
95974
95975
95976
95977
95978
95979
95980
95981
68637
95982
95983
95984
95985
95986
95987
95988
95989
95990
95991
95992
95993
95994
95995
95996
95997
95998
95999
96000
96001
96002
96003
96004
96005
96006
96007
96008
96009
96010
96011
96012
96013
96014
68801
96015
69056
69048
69046
96016
69063
69382
96017
96018
96019
96020
96021
96022
96023
96024
96025
96026
96027
96028
96029
96030
96031
96032
96033
96034
96035
96036
96037
96038
96039
96040
96041
96042
96043
96044
96045
96046
96047
96048
96049
96050
96051
96052
69375
96053
96054
96055
96056
96057
69050
96058
96059
96060
96061
96062
69371
96063
96064
96065
69058
96066
96067
69228
69244
69272
96068
96069
69192
96070
69190
69232
69237
69250
69246
69266
69262
69260
69278
69274
96071
69268
69240
69264
96072
96073
96074
96075
96076
96077
68556
68554
96078
96079
96080
96081
96082
96083
96084
96085
96086
96087
96088
96089
96090
96091
96092
96093
96094
96095
96096
96097
96098
96099
96100
96101
96102
96103
96104
96105
96106
96107
96108
96109
96110
96111
96112
96113
96114
96115
96116
96117
96118
96119
96120
96121
96122
96123
96124
96125
96126
96127
96128
96129
96130
96131
96132
96133
96134
96135
96136
96137
96138
96139
96140
96141
96142
96143
96144
96145
96146
96147
96148
96149
96150
69372
69253
96151
96152
96153
96154
96155
96156
96157
96158
96159
96160
96161
69376
96162
96163
96164
96165
96166
96167
96168
96169
96170
96171
96172
96173
96174
96175
96176
96177
96178
96179
96180
96181
96182
96183
96184
96185
96186
96187
96188
96189
96190
96191
96192
96193
96194
96195
96196
96197
96198
96199
96200
96201
96202
96203
96204
69047
69055
69377
69051
96205
69059
69064
69383
69381
96206
96207
96208
96209
96210
96211
96212
96213
96214
69229
96215
69238
69235
96216
69243
69249
69384
69265
96217
69261
69257
96218
69271
69387
69277
67124
67128
67136
67138
67132
67142
67164
67168
67190
67194
67217
67221
67244
67248
67269
67275
67279
67285
67324
67349
67368
67385
67402
67419
67436
67454
67474
67484
67504
67524
67543
67567
67589
67611
67633
67655
67677
67704
67328
67335
67357
67376
67393
67410
67427
67444
67462
67341
67346
67090
67095
67100
67105
67110
67451
67471
67735
67496
67501
67516
67521
68292
67539
67555
67560
68304
67579
67584
68316
67601
67606
68327
67623
67628
68338
67645
67650
68349
67667
67672
68360
68430
68436
68444
68452
68366
67689
67694
68376
67714
67331
67338
67344
67360
67364
67379
67092
67396
67097
67413
67102
67430
67107
67447
67112
67465
67469
67483
67489
67493
67499
67509
67513
67519
67529
67533
67542
67548
67552
67558
68300
67766
67572
67576
67582
68312
67594
67598
67604
68323
67616
67620
67626
68334
67638
67642
67648
68345
67660
67664
67670
68356
68428
68440
68448
68456
67682
68364
67686
67692
68371
67711
67847
67332
67354
67373
67390
67407
67424
67441
67459
67479
96219
96220
96221
96222
96223
96224
96225
67720
67733
67744
67757
67768
67780
67791
67801
67811
67821
67831
67841
96226
96227
96228
96229
96230
96231
96232
96233
96234
96235
96236
96237
96238
96239
96240
96241
96242
96243
96244
67864
67882
96245
96246
67902
67922
96247
96248
67942
67962
96249
96250
67982
68002
96251
96252
68022
68042
96253
96254
68062
68082
96255
96256
68102
68122
68142
68162
68182
68203
68221
68242
68254
96257
68275
96258
96259
96260
96261
96262
96263
96264
96265
96266
96267
96268
96269
67121
67141
96270
67741
96271
67159
67167
96272
67764
67891
67183
67193
96273
67787
67931
67209
67220
96274
67798
67971
67236
67247
96275
67808
68011
67263
67282
96276
67818
68051
67300
96277
96278
67828
68091
96279
67838
68131
68171
68194
68225
68246
68258
96280
96281
67334
67339
67327
67350
96282
67356
67352
67369
96283
67375
67371
67386
96284
67392
67388
67403
96285
67409
67405
67420
96286
67426
67422
67437
96287
67443
67439
67455
96288
67461
67466
67457
96289
67851
67477
67487
96290
67491
67494
67507
96291
67511
67514
67527
96292
67531
67536
67546
96293
67550
67553
67868
67570
96294
67574
67577
67906
67592
96295
67596
67599
67946
67614
96296
67618
67621
67986
67636
96297
67640
67643
68026
67658
96298
67662
67665
68066
67680
96299
67684
67687
68106
68146
68186
68207
67707
68279
67709
67713
96300
67336
67337
67353
96301
96302
67358
67359
67372
96303
96304
67377
67378
67389
96305
96306
67394
67395
67406
96307
96308
67411
67412
67423
96309
96310
67428
67429
67440
96311
96312
67445
67446
67458
96313
96314
67463
67464
96315
96316
67855
96317
67348
67347
67492
96318
96319
67473
67472
67512
96320
96321
67503
67502
67532
96322
96323
67523
67522
67551
96324
67861
67541
67540
67563
67878
96325
67562
67561
67575
96326
67899
67919
96327
67586
67585
67597
96328
67939
67959
96329
67608
67607
67619
96330
67979
67999
96331
67630
67629
67641
96332
68019
68039
96333
67652
67651
67663
96334
68059
68079
96335
67674
67673
67685
96336
68099
68119
68177
68232
96337
68265
67696
67695
67710
96338
68139
68159
68200
68218
68238
68271
68283
67716
67715
96339
68411
96340
96341
67351
96342
96343
96344
67370
96345
96346
96347
67387
96348
96349
96350
67404
96351
96352
96353
67421
96354
96355
96356
67438
96357
96358
96359
67456
96360
96361
96362
96363
96364
67088
67726
96365
96366
96367
67736
67740
96368
96369
96370
67119
67751
96371
96372
96373
67759
67763
96374
96375
67871
67157
67777
67874
67894
96376
67782
67786
96377
96378
67909
67181
67915
67934
96379
67793
67797
96380
96381
67949
67207
67955
67974
96382
67803
67807
96383
96384
67989
67234
67995
68014
96385
67813
67817
96386
96387
68029
67261
68035
68054
96388
67823
67827
96389
96390
68069
67298
68075
68094
96391
96392
67833
67837
96393
96394
68109
68115
68149
68210
68235
96395
67843
96396
96397
96398
68134
68155
68380
68216
68228
68261
68280
67333
96399
96400
67345
96401
96402
67355
96403
67374
96404
67391
96405
67408
96406
67425
96407
67442
96408
67460
96409
96410
67470
96411
96412
67849
96413
67490
96414
96415
67500
96416
67510
96417
96418
67520
96419
67530
96420
67863
67538
67859
67549
96421
96422
67559
96423
67564
67872
67887
67895
67573
96424
96425
67583
96426
67910
67927
67935
67595
96427
96428
67605
96429
67950
67967
67975
67617
96430
96431
67627
96432
67990
68007
68015
67639
96433
96434
67649
96435
68030
68047
68055
67661
96436
96437
67671
96438
68070
68087
68095
67683
96439
96440
67693
96441
68110
68127
68135
68167
68150
68174
68175
68189
68190
68197
68198
68211
68229
68396
68241
68249
68250
68268
68274
68262
67708
96442
68277
67712
96443
96444
96445
96446
96447
96448
96449
96450
96451
96452
96453
96454
96455
96456
96457
96458
67083
96459
96460
96461
96462
96463
96464
96465
96466
96467
67087
96468
96469
67114
96470
96471
67118
96472
96473
67148
96474
96475
67152
67156
96476
67172
96477
96478
67176
67180
67198
96479
96480
67202
67206
67225
96481
96482
67229
67233
67252
96483
96484
67256
67260
67289
96485
96486
67293
67297
67315
96487
96488
67319
67323
96489
96490
96491
96492
96493
96494
96495
96496
96497
96498
96499
96500
96501
96502
67535
96503
67566
96504
67588
96505
67610
96506
67632
96507
67654
96508
67676
67700
96509
96510
96511
68383
68390
68398
96512
96513
68403
96514
96515
96516
96517
96518
96519
96520
96521
96522
96523
96524
68406
96525
96526
96527
96528
96529
96530
96531
96532
96533
96534
96535
96536
96537
96538
96539
68417
96540
96541
96542
96543
96544
96545
96546
96547
96548
96549
96550
96551
96552
96553
96554
96555
96556
96557
96558
96559
96560
96561
96562
67079
96563
96564
96565
96566
96567
96568
96569
96570
67081
96571
96572
67085
96573
67139
96574
67116
67154
67143
96575
67150
67178
67169
96576
67174
67204
67195
96577
67200
67231
67222
96578
67227
67258
67249
96579
67254
67295
67286
96580
67291
67321
67317
67698
96581
96582
96583
96584
96585
67325
67361
67475
67480
67485
67505
67525
67544
67568
67590
67612
67634
67656
67678
67705
67330
67329
96586
96587
96588
96589
96590
96591
96592
96593
67478
67342
67343
67488
96594
67363
96595
67453
67468
67508
96596
67482
96597
67497
67498
67528
68293
67724
96598
67517
67518
67547
96599
67738
68291
68301
68302
67749
96600
67556
67557
67571
96601
67761
68303
68313
68314
68408
67580
67581
67593
96602
67784
68315
68324
68325
67602
67603
67615
96603
67795
68326
68335
96604
68336
67624
67625
67637
96605
67805
68337
68346
96606
68347
67646
67647
67659
96607
67815
68348
68357
96608
68358
67668
67669
67681
96609
67825
68359
68372
96610
68373
67835
96611
96612
68375
96613
96614
96615
96616
96617
67846
67718
67731
67719
96618
67732
67743
96619
67756
67767
96620
67779
67790
96621
67800
96622
67810
96623
67820
96624
67830
96625
67840
96626
67848
96627
96628
96629
96630
96631
96632
96633
96634
96635
96636
96637
96638
96639
96640
96641
96642
96643
96644
96645
96646
96647
96648
96649
96650
96651
96652
96653
96654
67725
96655
67739
67745
67750
67758
96656
67762
67769
67772
67781
96657
67785
67792
96658
67796
67802
96659
67806
67812
96660
67816
67822
96661
67826
67832
96662
67836
67842
67844
96663
96664
96665
96666
96667
96668
96669
96670
96671
96672
96673
96674
96675
96676
96677
96678
96679
96680
96681
96682
96683
96684
96685
96686
96687
96688
96689
96690
96691
96692
96693
96694
96695
96696
96697
96698
96699
96700
96701
96702
96703
67854
96704
96705
96706
96707
96708
96709
96710
96711
96712
96713
96714
96715
96716
96717
96718
96719
96720
96721
96722
96723
96724
96725
96726
96727
96728
96729
96730
96731
96732
67867
67873
67865
67885
67883
67890
96733
96734
96735
96736
96737
96738
96739
96740
67905
67911
67903
67925
67923
67930
96741
96742
96743
96744
96745
96746
96747
96748
67945
67951
67943
96749
67965
67963
67970
96750
96751
96752
96753
96754
96755
96756
96757
96758
67985
67991
67983
96759
68005
68003
68010
96760
96761
96762
96763
96764
96765
96766
96767
96768
68025
68031
68023
96769
68045
68043
68050
96770
96771
96772
96773
96774
96775
96776
96777
96778
68065
68071
68063
96779
68085
68083
68090
96780
96781
96782
96783
96784
96785
96786
96787
68105
68111
96788
68103
68130
96789
68125
68123
68128
68151
68153
96790
68145
96791
68163
68168
68170
96792
68183
68193
68212
96793
68206
68222
68224
96794
68257
96795
68255
96796
96797
96798
96799
96800
68281
96801
96802
96803
96804
96805
96806
96807
96808
96809
96810
96811
96812
96813
96814
96815
96816
96817
96818
96819
96820
96821
96822
96823
96824
96825
96826
96827
96828
96829
96830
96831
96832
96833
96834
96835
96836
96837
96838
96839
96840
96841
96842
96843
96844
96845
96846
96847
96848
96849
96850
96851
96852
96853
96854
96855
96856
96857
96858
96859
96860
96861
96862
96863
96864
96865
96866
96867
96868
96869
96870
96871
96872
96873
96874
96875
96876
96877
96878
96879
96880
96881
96882
96883
96884
96885
96886
96887
96888
96889
96890
96891
96892
96893
96894
96895
96896
68132
68154
68133
96897
96898
96899
68173
68172
96900
68195
96901
96902
68227
68226
96903
96904
68247
96905
96906
68259
68260
96907
96908
96909
96910
96911
96912
96913
96914
96915
96916
96917
96918
96919
67869
67870
67886
67907
67908
67926
67947
67948
67966
67987
67988
68006
68027
68028
68046
68067
68068
68086
68107
68108
68126
96920
96921
96922
96923
96924
96925
96926
96927
96928
96929
96930
96931
96932
96933
96934
96935
96936
96937
96938
96939
96940
96941
96942
96943
96944
96945
96946
96947
96948
96949
96950
96951
96952
96953
67856
67857
96954
96955
96956
96957
96958
96959
96960
96961
96962
96963
96964
96965
96966
96967
67877
67862
67860
96968
96969
96970
96971
67917
67900
67901
96972
96973
96974
96975
67957
67940
67941
96976
96977
96978
96979
96980
96981
67997
67980
67981
96982
96983
96984
96985
96986
96987
96988
68037
68020
68021
96989
96990
96991
96992
96993
96994
96995
68077
68060
68061
96996
96997
96998
96999
97000
97001
97002
68117
68100
68101
97003
97004
97005
97006
97007
97008
97009
68141
68140
97010
68160
68161
68181
97011
68201
68202
97012
68219
68220
68239
68253
68413
67080
97013
67086
97014
67326
97015
97016
97017
97018
97019
97020
97021
97022
97023
97024
97025
97026
97027
97028
97029
97030
97031
97032
97033
97034
97035
97036
97037
97038
97039
97040
97041
97042
97043
67476
97044
67084
97045
67117
97046
97047
67486
97048
97049
67717
97050
97051
67109
97052
67146
97053
97054
67506
97055
97056
67730
97057
97058
67115
97059
67151
67534
97060
67526
68294
97061
67742
97062
97063
67140
97064
67170
97065
97066
67545
97067
97068
67755
97069
97070
67149
67153
67175
67565
67155
68305
97071
67765
97072
68306
67166
97073
67196
97074
97075
67569
97076
97077
67778
97078
97079
67173
67177
67201
67587
67179
68317
67192
97080
67223
97081
97082
67591
97083
97084
67789
97085
97086
67199
67203
67228
67609
67205
68328
97087
67219
97088
67250
97089
97090
67613
97091
97092
67799
97093
97094
67226
67230
67255
67631
67232
68339
97095
97096
67246
97097
67287
97098
97099
67635
97100
97101
67809
97102
97103
67253
67257
67292
67653
67259
68350
97104
97105
67281
97106
67313
97107
97108
67657
97109
97110
67819
97111
97112
67290
67294
67318
67675
67296
68361
97113
97114
67312
97115
97116
67679
97117
97118
67829
97119
97120
67316
67320
68374
67699
67322
68377
97121
97122
68399
97123
67839
97124
97125
67697
97126
97127
97128
68405
97129
97130
97131
67340
97132
97133
97134
67362
97135
97136
97137
97138
97139
97140
97141
97142
97143
97144
97145
97146
97147
97148
97149
97150
97151
97152
97153
67467
97154
97155
97156
67481
97157
67495
97158
97159
67515
97160
97161
67537
97162
97163
67554
97164
97165
97166
97167
67578
97168
97169
97170
97171
67600
97172
97173
97174
97175
97176
97177
97178
67622
97179
97180
97181
97182
97183
97184
97185
97186
67644
97187
97188
97189
97190
97191
97192
97193
97194
67666
97195
97196
97197
97198
97199
97200
97201
97202
97203
97204
97205
97206
97207
97208
97209
97210
97211
68129
97212
68152
97213
97214
97215
97216
97217
68169
97218
97219
97220
97221
68392
97222
97223
97224
68223
97225
97226
97227
97228
97229
97230
68256
97231
97232
97233
97234
97235
97236
97237
97238
97239
97240
97241
97242
97243
97244
97245
97246
97247
97248
97249
97250
97251
97252
97253
97254
97255
67723
97256
67737
97257
67748
97258
67760
97259
67773
68407
67783
97260
67794
97261
67804
97262
67814
97263
67824
97264
67834
97265
97266
67845
97267
68409
68473
97268
97269
97270
97271
97272
97273
97274
97275
97276
97277
97278
97279
97280
97281
97282
97283
97284
97285
97286
97287
97288
97289
97290
97291
97292
68418
67858
97293
97294
97295
97296
97297
97298
97299
97300
97301
97302
97303
97304
97305
97306
97307
97308
67866
67876
67884
67898
97309
97310
97311
97312
67904
67916
67924
67938
97313
97314
97315
97316
67944
67956
97317
97318
67964
97319
97320
67978
97321
97322
97323
97324
97325
67984
67996
97326
97327
97328
68004
97329
97330
68018
97331
97332
97333
97334
97335
68024
68036
97336
97337
97338
68044
97339
97340
68058
97341
97342
97343
97344
97345
68064
68076
97346
97347
97348
68084
97349
97350
68098
97351
97352
97353
97354
97355
68104
68116
97356
97357
97358
68124
97359
97360
68138
97361
68158
97362
97363
68180
97364
97365
68199
97366
97367
68217
97368
97369
97370
97371
97372
67082
97373
97374
97375
97376
97377
97378
97379
97380
97381
97382
97383
97384
97385
97386
97387
97388
97389
97390
97391
97392
97393
97394
97395
97396
97397
97398
97399
97400
97401
97402
68419
67093
67098
67103
67108
67123
67161
67185
67211
67238
67265
67302
67307
67309
67311
68462
97403
97404
97405
97406
97407
97408
97409
97410
97411
97412
97413
97414
97415
97416
97417
97418
97419
97420
97421
97422
97423
97424
97425
97426
97427
97428
97429
97430
97431
97432
97433
97434
97435
97436
97437
97438
68468
97439
97440
97441
97442
97443
97444
97445
97446
97447
97448
97449
97450
97451
97452
97453
97454
97455
97456
97457
97458
97459
68470
97460
97461
97462
97463
97464
97465
97466
97467
97468
97469
97470
97471
97472
97473
97474
97475
97476
68471
97477
97478
97479
97480
97481
97482
97483
97484
97485
97486
97487
97488
97489
97490
97491
97492
97493
97494
97495
97496
97497
97498
97499
97500
97501
97502
97503
97504
97505
97506
97507
97508
97509
97510
97511
97512
97513
97514
97515
97516
97517
97518
97519
97520
97521
97522
97523
97524
97525
97526
97527
97528
97529
97530
97531
97532
97533
97534
97535
97536
97537
97538
97539
97540
97541
97542
97543
97544
97545
97546
97547
97548
97549
97550
97551
97552
97553
97554
97555
97556
97557
97558
68472
97559
97560
97561
97562
97563
97564
97565
97566
97567
97568
97569
67125
67127
67130
67129
67135
67137
67145
97570
97571
67133
67162
97572
97573
67165
67188
97574
67213
67191
67215
97575
67240
67218
67242
97576
67267
67245
67273
97577
67304
67272
67270
97578
67276
67277
97579
67280
67283
97580
68433
68438
68446
68454
68368
97581
67380
67397
67414
67431
67448
97582
67367
67366
67091
67089
97583
97584
67384
67383
67096
97585
67401
67400
67101
97586
67418
67417
67106
97587
67435
67434
67111
97588
67452
68465
67734
97589
68289
97590
68298
67186
68310
67214
68321
67241
68332
67268
68343
67305
68354
97591
68429
68431
68434
68437
68441
68443
68445
68449
68451
68453
68457
68459
68460
68365
68369
67690
67703
67691
67701
67113
97592
68466
68287
68296
68308
68319
68330
68341
68352
68363
97593
97594
97595
97596
97597
97598
97599
67722
67747
67771
97600
97601
97602
97603
97604
97605
97606
97607
97608
97609
97610
97611
97612
97613
97614
97615
97616
67875
67888
97617
97618
67913
67928
97619
97620
67953
67968
97621
97622
67993
68008
97623
97624
68033
68048
97625
97626
68073
68088
97627
97628
68113
68143
68165
68185
68191
68204
68214
68231
68236
68252
68243
68245
68263
68270
97629
68276
97630
97631
97632
97633
97634
97635
67729
67728
67120
97636
97637
97638
97639
67754
67753
67158
97640
67893
67914
67892
67776
67775
67182
97641
67933
67954
67932
68420
67208
97642
67973
67994
67972
68422
67235
97643
68013
68034
68012
68424
67262
97644
68053
68074
68052
68426
67299
97645
68093
68114
68092
68379
97646
68215
68196
68393
68248
68401
97647
97648
97649
97650
97651
97652
97653
97654
97655
97656
97657
97658
97659
97660
97661
97662
97663
97664
97665
97666
97667
97668
67850
67853
97669
97670
97671
97672
97673
97674
97675
97676
97677
97678
97679
97680
97681
97682
97683
97684
97685
97686
97687
97688
97689
97690
97691
97692
68148
68166
68147
68187
68188
68209
68208
97693
97694
68278
97695
97696
97697
97698
97699
97700
97701
97702
97703
97704
97705
97706
97707
97708
97709
97710
97711
97712
97713
97714
97715
97716
97717
97718
97719
97720
97721
97722
97723
97724
97725
97726
97727
97728
97729
67879
67897
67881
97730
97731
97732
67921
67937
67920
97733
97734
97735
67961
67977
67960
97736
97737
97738
68001
68017
68000
97739
97740
97741
68041
68057
68040
97742
97743
97744
68081
68097
68080
97745
97746
97747
68121
68157
68120
68137
68179
68178
68233
68234
97748
97749
97750
68267
68266
68384
68388
68240
68273
68272
68285
68284
68410
97751
97752
97753
97754
97755
97756
97757
97758
97759
68381
68382
68386
68389
68395
68397
68402
68288
67147
68297
67171
68309
67197
68320
67224
68331
67251
68342
67288
68353
67314
68391
68404
97760
68414
68415
97761
67094
67122
97762
97763
97764
97765
97766
67099
67126
97767
97768
97769
67104
67134
97770
97771
97772
67144
97773
97774
97775
97776
97777
67131
67160
97778
97779
97780
97781
67163
67184
97782
97783
97784
97785
67189
67210
67187
68421
97786
97787
67216
67237
67212
68423
97788
97789
67243
67264
67239
68425
97790
97791
67274
67301
67266
68427
67271
67278
67284
97792
97793
67306
68432
68439
67303
68435
97794
67308
68442
68447
97795
67310
68450
68455
97796
68458
68461
97797
68367
97798
68463
67706
97799
97800
97801
97802
97803
97804
67365
97805
97806
67381
97807
67382
97808
67398
97809
67399
97810
67415
97811
67416
97812
67432
97813
67433
97814
67449
97815
67450
97816
68464
97817
97818
68467
97819
97820
97821
97822
97823
97824
97825
97826
97827
97828
97829
97830
97831
97832
67889
67912
97833
97834
97835
67929
67952
97836
97837
97838
67969
67992
97839
97840
97841
68009
68032
97842
97843
97844
68049
68072
97845
97846
97847
68089
67688
97848
68112
97849
68378
97850
97851
68192
68213
97852
68394
97853
68244
67702
68370
68400
97854
97855
97856
97857
97858
97859
97860
97861
97862
97863
97864
97865
97866
97867
97868
97869
97870
97871
97872
97873
97874
97875
97876
97877
97878
97879
97880
97881
97882
97883
97884
97885
97886
97887
97888
67721
97889
67727
97890
67746
97891
67752
97892
67770
97893
67774
68469
67788
97894
97895
97896
97897
97898
97899
97900
97901
97902
97903
97904
97905
97906
97907
97908
97909
97910
97911
97912
97913
97914
97915
97916
97917
97918
97919
97920
97921
97922
67852
97923
97924
97925
97926
97927
97928
97929
97930
97931
97932
97933
97934
97935
97936
97937
97938
97939
97940
97941
97942
97943
97944
97945
67880
97946
67896
97947
97948
97949
97950
97951
97952
97953
97954
67918
97955
67936
97956
97957
97958
97959
97960
97961
97962
97963
67958
97964
67976
97965
97966
97967
97968
97969
97970
97971
97972
67998
97973
68016
97974
97975
97976
97977
97978
97979
97980
97981
68038
97982
68056
97983
97984
97985
97986
97987
97988
97989
97990
68078
97991
68096
97992
97993
97994
97995
97996
97997
97998
97999
68118
98000
68136
98001
68144
68156
98002
98003
68164
98004
68176
68184
68205
68230
68237
98005
68251
68264
68269
98006
98007
98008
98009
98010
98011
98012
68282
98013
68286
98014
98015
68290
98016
68295
98017
98018
68299
98019
68307
98020
98021
68311
98022
68318
98023
98024
68322
98025
68329
98026
98027
68333
98028
68340
98029
98030
68344
98031
68351
98032
98033
68355
98034
68362
98035
68385
68387
98036
68412
68416
)


// ************************************************************************* //
