/*--------------------------------*- C++ -*----------------------------------*\
  =========                 |
  \\      /  F ield         | OpenFOAM: The Open Source CFD Toolbox
   \\    /   O peration     | Website:  https://openfoam.org
    \\  /    A nd           | Version:  7
     \\/     M anipulation  |
\*---------------------------------------------------------------------------*/
FoamFile
{
    version     2.0;
    format      ascii;
    class       labelList;
    note        "nPoints:11359  nCells:6808  nFaces:24415  nInternalFaces:19251";
    location    "constant/polyMesh";
    object      neighbour;
}
// * * * * * * * * * * * * * * * * * * * * * * * * * * * * * * * * * * * * * //


19251
(
993
994
996
1581
993
1000
1001
1003
1000
1007
1008
1010
1007
1014
1015
1017
1014
1021
1022
5748
6
9
107
994
995
998
999
1380
7
10
108
1001
1002
1005
1006
8
11
109
1008
1009
1012
1013
12
110
1015
1016
1019
1020
5058
10
13
111
1381
11
14
112
12
15
113
16
114
5061
14
17
115
1382
15
18
116
16
19
117
20
118
5064
18
21
119
1383
19
22
120
20
23
121
24
122
5067
22
25
123
1384
23
26
124
24
27
125
28
126
5070
26
29
127
1385
27
30
128
28
31
129
32
130
5073
30
33
131
1386
31
34
132
32
35
133
36
134
5076
34
37
135
1387
35
38
136
36
39
137
40
138
5079
38
41
139
1388
39
42
140
40
43
141
44
142
5082
42
45
143
1389
43
46
144
44
47
145
48
146
5085
46
49
147
1112
1115
1116
1390
47
50
148
1119
1122
1123
48
51
149
1126
1129
1130
52
150
1133
1136
1137
5088
1112
1113
1115
1613
2978
2983
2984
1112
1119
1122
2995
2996
2997
2998
1119
1126
1129
3009
3010
3011
3012
1126
1133
1136
3023
3024
3025
3026
1133
1141
3037
3038
3039
3040
5088
5821
1592
2438
2440
2442
2979
1024
1120
2446
2447
2448
1031
1127
2453
2454
2455
1038
1134
2460
2461
2462
1045
1140
2467
2468
2469
1025
1158
1159
1161
1248
1249
1250
1627
1032
1158
1165
1166
1168
1258
1259
1260
1039
1165
1172
1173
1175
1267
1268
1269
1046
1172
1179
1180
1182
1276
1277
1278
1052
1179
1186
1187
1282
1283
1284
5849
65
68
166
1159
1160
1163
1164
1394
66
69
167
1166
1167
1170
1171
67
70
168
1173
1174
1177
1178
71
169
1180
1181
1184
1185
5100
69
72
170
1395
70
73
171
71
74
172
75
173
5103
73
76
174
1396
74
77
175
75
78
176
79
177
5106
77
80
178
1397
78
81
179
79
82
180
83
181
5109
81
84
182
1398
82
85
183
83
86
184
87
185
5112
85
88
186
1399
86
89
187
87
90
188
91
189
5115
89
93
190
1400
90
94
191
91
95
192
92
96
193
97
5115
5118
5187
94
98
194
1401
95
99
195
96
100
196
97
101
197
102
198
5120
99
199
1402
2162
100
200
2163
101
201
2164
102
202
2165
203
2166
5122
104
107
205
996
997
998
999
1403
105
108
206
1003
1004
1005
1006
106
109
207
1010
1011
1012
1013
110
208
1017
1018
1019
1020
5124
108
111
209
1404
109
112
210
110
113
211
114
212
5127
112
115
213
1405
113
116
214
114
117
215
118
216
5130
116
119
217
1406
117
120
218
118
121
219
122
220
5133
120
123
221
1407
121
124
222
122
125
223
126
224
5136
124
127
225
1408
125
128
226
126
129
227
130
228
5139
128
131
229
1409
129
132
230
130
133
231
134
232
5142
132
135
233
1410
133
136
234
134
137
235
138
236
5145
136
139
237
1411
137
140
238
138
141
239
142
240
5148
140
143
241
1412
141
144
242
142
145
243
146
244
5151
144
147
245
1413
145
148
246
146
149
247
150
248
5154
148
151
249
1414
2473
2476
2478
149
152
250
2480
2483
2484
150
153
251
2487
2490
2491
154
252
2494
2497
2498
5157
1115
2473
2475
2476
3451
1122
2476
2480
2481
2483
1129
2480
2487
2488
2490
1136
2487
2494
2495
2497
1141
2494
2501
2502
5157
6178
2474
2504
2509
3458
1034
2481
2507
2511
2514
2781
1041
2488
2511
2518
2521
2800
1048
2495
2518
2525
2528
2819
1053
2501
2525
2533
2831
6199
166
1163
2536
2537
2539
3465
1168
2512
2538
2542
2543
2545
1175
2519
2542
2549
2550
2552
1182
2526
2549
2556
2557
2559
1187
2532
2556
2563
2564
6220
167
170
261
1418
2537
2539
2541
168
171
262
2543
2544
2547
2548
169
172
263
2550
2551
2554
2555
173
264
2557
2558
2561
2562
5169
171
174
265
1419
172
175
266
173
176
267
177
268
5172
175
178
269
1420
176
179
270
177
180
271
181
272
5175
179
182
273
1421
180
183
274
181
184
275
185
276
5178
183
186
277
1422
184
187
278
185
188
279
189
280
5181
187
190
281
1423
188
191
282
189
192
283
193
284
5184
191
194
285
1424
192
195
286
193
196
287
197
288
5187
195
199
289
1425
196
200
290
197
201
291
198
202
292
203
5187
5190
5257
200
293
1426
2167
201
294
2168
202
295
2169
203
296
2170
297
2171
5192
205
298
1403
1427
1930
206
209
299
207
210
300
208
211
301
212
302
5194
210
213
304
1427
211
214
305
212
215
306
216
307
5197
214
217
308
1428
215
218
309
216
219
310
220
311
5200
218
221
312
1429
219
222
313
220
223
314
224
315
5203
222
225
316
1430
223
226
317
224
227
318
228
319
5206
226
229
320
1431
227
230
321
228
231
322
232
323
5209
230
233
324
1432
231
234
325
232
235
326
236
327
5212
234
237
328
1433
235
238
329
236
239
330
240
331
5215
238
241
332
1434
239
242
333
240
243
334
244
335
5218
242
245
336
1435
243
246
337
244
247
338
248
339
5221
246
249
340
1436
247
250
341
248
251
342
252
343
5224
250
253
344
1437
251
254
345
252
255
346
256
347
5227
254
348
1438
2473
2474
2478
2479
255
349
2483
2484
2485
2486
256
350
2490
2491
2492
2493
351
2497
2498
2499
2500
5230
258
261
352
1439
2535
2537
2540
2541
259
262
353
2545
2546
2547
2548
260
263
354
2552
2553
2554
2555
264
355
2559
2560
2561
2562
5233
262
265
356
1440
263
266
357
264
267
358
268
359
5236
266
269
360
1441
267
270
361
268
271
362
272
363
5239
270
273
364
1442
271
274
365
272
275
366
276
367
5242
274
277
368
1443
275
278
369
276
279
370
280
371
5245
278
281
372
1444
279
282
373
280
283
374
284
375
5248
282
285
376
1445
283
286
377
284
287
378
288
379
5251
286
289
380
1446
287
290
381
288
291
382
292
383
5254
290
293
384
1447
291
294
385
292
295
386
296
387
5257
294
388
1448
2172
295
389
2173
296
390
2174
297
391
2175
2176
5257
5260
5328
299
303
392
1953
300
304
393
301
305
394
302
306
395
307
396
5262
304
397
1427
1449
1954
305
308
398
306
309
399
307
310
400
311
401
5265
309
312
403
1449
310
313
404
311
314
405
315
406
5268
313
316
407
1450
314
317
408
315
318
409
319
410
5271
317
320
411
1451
318
321
412
319
322
413
323
414
5274
321
324
415
1452
322
325
416
323
326
417
327
418
5277
325
328
419
1453
326
329
420
327
330
421
331
422
5280
329
332
423
1454
330
333
424
331
334
425
335
426
5283
333
336
427
1455
334
337
428
335
338
429
339
430
5286
337
340
431
1456
338
341
432
339
342
433
343
434
5289
341
344
435
1457
342
345
436
343
346
437
347
438
5292
345
348
439
1458
346
349
440
347
350
441
351
442
5295
349
443
1459
350
444
351
445
446
5298
353
356
447
1460
354
357
448
355
358
449
359
450
5301
357
360
451
1461
358
361
452
359
362
453
363
454
5304
361
364
455
1462
362
365
456
363
366
457
367
458
5307
365
368
459
1463
366
369
460
367
370
461
371
462
5310
369
372
463
1464
370
373
464
371
374
465
375
466
5313
373
376
467
1465
374
377
468
375
378
469
379
470
5316
377
380
471
1466
378
381
472
379
382
473
383
474
5319
381
384
475
1467
382
385
476
383
386
477
387
478
5322
385
388
479
1468
386
389
480
387
390
481
391
482
5325
389
483
1469
2177
390
484
2178
391
485
2179
486
2180
5328
393
397
487
1976
394
398
488
395
399
489
396
400
490
401
491
5331
398
402
492
1977
399
403
493
400
404
494
401
405
495
406
496
5334
403
497
1449
1470
1978
404
407
498
405
408
499
406
409
500
410
501
5337
408
411
503
1470
409
412
504
410
413
505
414
506
5340
412
415
507
1471
413
416
508
414
417
509
418
510
5343
416
419
511
1472
417
420
512
418
421
513
422
514
5346
420
423
515
1473
421
424
516
422
425
517
426
518
5349
424
427
519
1474
425
428
520
426
429
521
430
522
5352
428
431
523
1475
429
432
524
430
433
525
434
526
5355
432
435
527
1476
433
436
528
434
437
529
438
530
5358
436
439
531
1477
437
440
532
438
441
533
442
534
5361
440
443
535
1478
441
444
536
442
445
537
446
538
5364
444
539
1479
445
540
446
541
542
5367
448
451
543
1480
449
452
544
450
453
545
454
546
5370
452
455
547
1481
453
456
548
454
457
549
458
550
5373
456
459
551
1482
457
460
552
458
461
553
462
554
5376
460
463
555
1483
461
464
556
462
465
557
466
558
5379
464
467
559
1484
465
468
560
466
469
561
470
562
5382
468
471
563
1485
469
472
564
470
473
565
474
566
5385
472
475
567
1486
473
476
568
474
477
569
478
570
5388
476
479
571
1487
477
480
572
478
481
573
482
574
5391
480
483
575
1488
481
484
576
482
485
577
486
578
5394
484
579
1489
2182
485
580
2183
486
581
2184
582
2185
5397
488
492
583
1999
489
493
584
490
494
585
491
495
586
496
587
5400
493
497
588
2000
494
498
589
495
499
590
496
500
591
501
592
5403
498
502
593
2001
499
503
594
500
504
595
501
505
596
506
597
5406
503
598
1470
1490
2002
504
507
599
505
508
600
506
509
601
510
602
5409
508
511
604
1490
509
512
605
510
513
606
514
607
5412
512
515
608
1491
513
516
609
514
517
610
518
611
5415
516
519
612
1492
517
520
613
518
521
614
522
615
5418
520
523
616
1493
521
524
617
522
525
618
526
619
5421
524
527
620
1494
525
528
621
526
529
622
530
623
5424
528
531
624
1495
529
532
625
530
533
626
534
627
5427
532
535
628
1496
533
536
629
534
537
630
538
631
5430
536
539
632
1497
537
540
633
538
541
634
542
635
5433
540
636
1498
541
637
542
638
639
5436
544
547
640
1499
545
548
641
546
549
642
550
643
5439
548
551
644
1500
549
552
645
550
553
646
554
647
5442
552
555
648
1501
553
556
649
554
557
650
558
651
5445
556
559
652
1502
557
560
653
558
561
654
562
655
5448
560
563
656
1503
561
564
657
562
565
658
566
659
5451
564
567
660
1504
565
568
661
566
569
662
570
663
5454
568
571
664
1505
569
572
665
570
573
666
574
667
5457
572
575
668
1506
573
576
669
574
577
670
578
671
5460
576
579
672
1507
577
580
673
578
581
674
582
675
5463
580
676
1508
2186
581
677
2187
582
678
2188
679
2189
5466
584
588
680
2022
585
589
681
586
590
682
587
591
683
592
684
5469
589
593
685
2023
590
594
686
591
595
687
592
596
688
597
689
5472
594
598
690
2024
595
599
691
596
600
692
597
601
693
602
694
5475
599
603
695
2025
600
604
696
601
605
697
602
606
698
607
699
5478
604
700
1490
1509
2026
605
608
701
606
609
702
607
610
703
611
704
5481
609
612
706
1509
610
613
707
611
614
708
615
709
5484
613
616
710
1510
614
617
711
615
618
712
619
713
5487
617
620
714
1511
618
621
715
619
622
716
623
717
5490
621
624
718
1512
622
625
719
623
626
720
627
721
5493
625
628
722
1513
626
629
723
627
630
724
631
725
5496
629
632
726
1514
630
633
727
631
634
728
635
729
5499
633
636
730
1515
634
637
731
635
638
732
639
733
5502
637
734
1516
638
735
639
736
737
5505
641
644
738
1517
642
645
739
643
646
740
647
741
5508
645
648
742
1518
646
649
743
647
650
744
651
745
5511
649
652
746
1519
650
653
747
651
654
748
655
749
5514
653
656
750
1520
654
657
751
655
658
752
659
753
5517
657
660
754
1521
658
661
755
659
662
756
663
757
5520
661
664
758
1522
662
665
759
663
666
760
667
761
5523
665
668
762
1523
666
669
763
667
670
764
671
765
5526
669
672
766
1524
670
673
767
671
674
768
675
769
5529
673
676
770
1525
674
677
771
675
678
772
679
773
5532
677
774
1526
2190
678
775
2191
679
776
2192
777
2193
5535
681
685
2045
2567
2568
2569
2570
682
686
779
2573
2574
2575
683
687
780
2580
2581
2582
684
688
781
2587
2588
2589
689
782
2594
2595
2596
5538
686
690
784
2046
687
691
785
688
692
786
689
693
787
694
788
5541
691
695
789
2047
692
696
790
693
697
791
694
698
792
699
793
5544
696
700
794
2048
697
701
795
698
702
796
699
703
797
704
798
5547
701
705
799
2049
702
706
800
703
707
801
704
708
802
709
803
5550
706
804
1509
1527
2050
707
710
805
708
711
806
709
712
807
713
808
5553
711
714
810
1527
712
715
811
713
716
812
717
813
5556
715
718
814
1528
716
719
815
717
720
816
721
817
5559
719
722
818
1529
720
723
819
721
724
820
725
821
5562
723
726
822
1530
724
727
823
725
728
824
729
825
5565
727
730
826
1531
728
731
827
729
732
828
733
829
5568
731
734
830
1532
732
735
831
733
736
832
737
833
5571
735
834
1533
2604
2607
2608
736
835
2611
2612
2613
737
836
2618
2619
2620
837
2625
2626
2627
5574
739
742
844
1534
2666
2669
2670
740
743
845
2673
2674
2675
741
744
846
2680
2681
2682
745
847
2687
2688
2689
5577
743
746
849
1535
744
747
850
745
748
851
749
852
5580
747
750
853
1536
748
751
854
749
752
855
753
856
5583
751
754
857
1537
752
755
858
753
756
859
757
860
5586
755
758
861
1538
756
759
862
757
760
863
761
864
5589
759
762
865
1539
760
763
866
761
764
867
765
868
5592
763
766
869
1540
764
767
870
765
768
871
769
872
5595
767
770
873
1541
768
771
874
769
772
875
773
876
5598
771
774
877
1542
772
775
878
773
776
879
777
880
5601
775
881
1543
2194
776
882
2195
777
883
2196
884
2197
5604
885
2566
2567
2571
2697
2701
2702
3748
2569
2573
2574
2576
2573
2580
2581
2583
2580
2587
2588
2590
2587
2594
2595
2597
2594
2601
2602
5538
6241
785
789
891
2069
2566
2568
2570
2572
786
790
892
2574
2575
2578
2579
787
791
893
2581
2582
2585
2586
788
792
894
2588
2589
2592
2593
793
895
2595
2596
2599
2600
5609
790
794
896
2070
791
795
897
792
796
898
793
797
899
798
900
5612
795
799
901
2071
796
800
902
797
801
903
798
802
904
803
905
5615
800
804
906
2072
801
805
907
802
806
908
803
807
909
808
910
5618
805
809
911
2073
806
810
912
807
811
913
808
812
914
813
915
5621
810
916
1527
1544
2074
811
814
917
812
815
918
813
816
919
817
920
5624
815
818
922
1544
816
819
923
817
820
924
821
925
5627
819
822
926
1545
820
823
927
821
824
928
825
929
5630
823
826
930
1546
824
827
931
825
828
932
829
933
5633
827
830
934
1547
828
831
935
829
832
936
833
937
5636
831
834
938
1548
2605
2607
2609
832
835
939
2611
2614
2615
833
836
940
2618
2621
2622
837
941
2625
2628
2629
5639
2604
2605
2607
3472
2607
2611
2612
2614
2611
2618
2619
2621
2618
2625
2626
2628
2625
2632
2633
5574
5639
6259
2604
2636
2638
3479
2612
2638
2642
2645
2619
2642
2649
2652
2626
2649
2656
2659
2632
2656
2664
6278
2635
2666
2667
2669
3486
2643
2669
2673
2674
2676
2650
2673
2680
2681
2683
2657
2680
2687
2688
2690
2663
2687
2694
2695
5577
6299
850
853
957
1552
2666
2668
2670
2672
851
854
958
2674
2675
2678
2679
852
855
959
2681
2682
2685
2686
856
960
2688
2689
2692
2693
5650
854
857
961
1553
855
858
962
856
859
963
860
964
5653
858
861
965
1554
859
862
966
860
863
967
864
968
5656
862
865
969
1555
863
866
970
864
867
971
868
972
5659
866
869
973
1556
867
870
974
868
871
975
872
976
5662
870
873
977
1557
871
874
978
872
875
979
876
980
5665
874
877
981
1558
875
878
982
876
879
983
880
984
5668
878
881
985
1559
879
882
986
880
883
987
884
988
5671
882
989
1560
2198
883
990
2199
884
991
2200
992
2201
5674
1599
2697
2698
2701
1055
2576
2705
2706
2707
1060
2583
2712
2713
2714
1065
2590
2719
2720
2721
1070
2597
2726
2727
2728
1075
2602
2733
2734
2735
892
896
1056
1057
1058
1059
2093
893
897
1061
1062
1063
1064
894
898
1066
1067
1068
1069
895
899
1071
1072
1073
1074
900
1076
1077
1078
1079
5680
897
901
2094
898
902
899
903
900
904
905
5683
902
906
2095
903
907
904
908
905
909
910
5686
907
911
2096
908
912
909
913
910
914
915
5689
912
916
2097
913
917
914
918
915
919
920
5692
917
921
2098
918
922
919
923
920
924
925
5695
922
1544
1561
2099
923
926
924
927
925
928
929
5698
927
930
1561
928
931
929
932
933
5701
931
934
1562
932
935
933
936
937
5704
935
938
1563
936
939
937
940
941
5707
939
942
1189
1192
1193
1564
940
943
1196
1199
1200
941
944
1203
1206
1207
945
1210
1213
1214
5710
1189
1190
1192
1638
2605
1189
1196
1197
1199
2614
1196
1203
1204
1206
2621
1203
1210
1211
1213
2628
1210
1217
1218
2633
5710
5870
1190
1605
2636
2739
2740
1082
1197
2645
2742
2743
1088
1204
2652
2745
2746
1095
1211
2659
2748
2749
1102
1217
2664
2751
2752
1220
1221
1223
1649
2667
2878
2879
2880
2881
1089
1220
1227
1228
1230
2676
2902
2903
2904
1096
1227
1234
1235
1237
2683
2925
2926
2927
1103
1234
1689
1690
1692
2690
2948
2949
2950
1109
1241
1242
1689
2695
2968
2969
2970
5889
958
961
1221
1222
1225
1226
1568
959
962
1228
1229
1232
1233
960
963
1235
1236
1239
1240
964
1690
1691
1694
1695
5721
962
965
1569
963
966
964
967
968
5724
966
969
1570
967
970
968
971
972
5727
970
973
1571
971
974
972
975
976
5730
974
977
1572
975
978
976
979
980
5733
978
981
1573
979
982
980
983
984
5736
982
985
1574
983
986
984
987
988
5739
986
989
1575
987
990
988
991
992
5742
990
1576
2202
991
2203
992
2204
2205
5745
995
997
995
998
1583
999
1001
997
998
1585
999
1003
999
1587
1005
1002
1004
1002
1005
1006
1008
1004
1005
1006
1010
1006
1012
1009
1011
1009
1012
1013
1015
1011
1012
1013
1017
1013
1019
1016
1018
1016
1019
1020
1021
1018
1019
1020
1022
1020
1023
1023
5058
5749
1023
5124
5750
5058
5124
5751
1114
2755
2756
2757
1247
1248
1249
1594
1714
1715
1716
1032
1158
1252
1253
1721
1722
1723
1724
1117
1596
2504
2761
2762
1034
1118
2507
2764
2765
1161
1249
1598
2767
2769
1036
1162
2508
2770
2771
1121
2774
2775
2776
1258
1259
1729
1730
1731
1732
1039
1165
1261
1262
1737
1738
1739
1740
1124
2780
2781
1041
1125
2511
2783
2784
1168
2512
2786
2787
1043
1169
2513
2789
2790
1128
2793
2794
2795
1267
1268
1745
1746
1747
1748
1046
1172
1270
1271
1753
1754
1755
1756
1131
2799
2800
1048
1132
2518
2802
2803
1175
2519
2805
2806
1050
1176
2520
2808
2809
1135
2812
2813
2814
1276
1277
1761
1762
1763
1764
1052
1179
1279
1280
1769
1770
1771
1772
1138
2818
2819
1053
1139
2525
2821
2822
1182
2526
2824
2825
1054
1183
2527
2827
2828
1282
1283
1777
1778
1779
1780
1142
2830
2831
1187
2532
2833
2834
2571
2837
2838
2839
1057
1058
1600
2566
2697
2699
2700
2702
1059
1061
2572
2836
2838
2840
2842
1059
1285
1286
1287
1288
1601
1063
1289
1290
1291
1292
2577
2844
2845
2846
1062
1063
2578
2704
2706
2708
2710
1064
1066
2579
2843
2845
2847
2849
1064
1293
1294
1295
1296
1068
1297
1299
1300
1301
2584
2855
2856
2857
1067
1068
2585
2711
2713
2715
2717
1069
1071
2586
2854
2856
2858
2860
1069
1302
1303
1304
1305
1073
1306
1307
1308
1309
2591
2862
2863
2864
1072
1073
2592
2718
2720
2722
2724
1074
1076
2593
2861
2863
2865
2867
1074
1310
1311
1312
1313
1078
1314
1315
1316
1317
2598
2869
2870
2871
1077
1078
2599
2725
2727
2729
2731
1079
1080
2600
2868
2870
2872
2874
1079
1318
1319
1320
1321
1081
1322
1323
1324
1325
1081
2603
2732
2734
2736
2738
5680
5788
1326
1327
1328
1329
5680
5789
1191
2640
2875
2876
1089
1220
2641
2882
2883
1844
2885
2887
2889
3078
1091
1195
2893
2894
2895
1223
1336
1337
1338
1805
1806
1807
1848
1093
1224
1340
1341
1812
1813
1814
1815
1198
2646
2899
2900
2647
2902
2903
1096
1227
2648
2905
2906
1201
2909
2910
2911
1098
1202
2916
2917
2918
1230
1349
1350
1820
1821
1822
1823
1100
1231
1352
1353
3378
3379
3380
3381
1205
2653
2922
2923
2654
2925
2926
1103
1234
2655
2928
2929
1208
2932
2933
2934
1105
1209
2939
2940
2941
1237
1361
1362
3400
3401
3402
3403
1107
1238
1364
1365
1828
1829
1830
1831
1212
2660
2945
2946
2661
2948
2949
1109
1689
2662
2951
2952
1215
2955
2956
2957
1110
1216
2962
2963
2964
1692
1708
1709
2272
2273
2274
2275
1111
1693
1711
1712
2280
2281
2282
2283
2665
2968
2969
1219
2972
2973
2974
1242
1376
1377
1836
1837
1838
1839
1116
2988
2989
2990
2991
1117
1615
2978
2980
2983
1120
2755
2757
2758
2985
2986
2989
1116
1117
1617
1118
1122
2476
1118
1619
2475
2761
2762
2763
2980
2982
2983
1124
2477
2764
2765
2766
2986
2987
2988
2990
1123
3002
3003
3004
3005
2446
2448
2449
2992
2993
2996
1127
2774
2776
2777
2999
3000
3003
1123
1124
1125
1129
2480
1125
2481
2780
2781
2782
2993
2994
2995
2997
1131
2482
2783
2784
2785
3000
3001
3002
3004
1130
3016
3017
3018
3019
2453
2455
2456
3006
3007
3010
1134
2793
2795
2796
3013
3014
3017
1130
1131
1132
1136
2487
1132
2488
2799
2800
2801
3007
3008
3009
3011
1138
2489
2802
2803
2804
3014
3015
3016
3018
1137
3030
3031
3032
3033
2460
2462
2463
3020
3021
3024
1140
2812
2814
2815
3027
3028
3031
1137
1138
1139
1141
2494
1139
2495
2818
2819
2820
3021
3022
3023
3025
1142
2496
2821
2822
2823
3028
3029
3030
3032
2467
2469
2470
3034
3035
3038
1142
5088
5823
2501
2830
2831
2832
3035
3036
3037
3039
5824
1244
2981
3042
3043
3044
1145
1663
2438
2439
2441
2443
2761
2980
1246
2763
2982
3041
3043
3045
3046
1255
2992
3049
3050
3051
1148
1245
2445
2448
2449
2450
2780
2993
1257
2782
2994
3048
3050
3052
3053
1264
3006
3056
3057
3058
1151
1256
2452
2455
2456
2457
2799
3007
1266
2801
3008
3055
3057
3059
3060
1273
3020
3063
3064
3065
1154
1265
2459
2462
2463
2464
2818
3021
1275
2820
3022
3062
3064
3066
3067
3034
3070
3071
3072
5909
1157
1274
2466
2469
2470
2471
2830
3035
2832
3036
3069
3071
3073
3074
5911
1160
1162
1252
1253
1254
1160
1163
1629
1164
1166
1162
1163
1631
2536
2767
2768
2769
1164
1168
2538
2770
2771
2772
1164
1633
1170
2539
1167
1169
1261
1262
1263
1167
1170
1171
1173
1169
1170
2786
2787
2788
1171
1175
2542
2789
2790
2791
1171
2543
1177
2544
1174
1176
1270
1271
1272
1174
1177
1178
1180
1176
1177
2805
2806
2807
1178
1182
2549
2808
2809
2810
1178
2550
1184
2551
1181
1183
1279
1280
1281
1181
1184
1185
1186
1183
1184
2824
2825
2826
1185
1187
2556
2827
2828
2829
1185
2557
1188
2558
1188
5100
5850
1188
2833
2834
2835
5851
2563
5100
5852
1191
1193
2609
1191
1194
1640
2606
2739
2740
2741
3076
3080
3081
1197
2610
2875
2876
2877
3083
3085
3086
3088
1193
1194
1642
3077
3081
3082
1199
3086
3087
3088
3089
1644
3076
3077
3081
1201
2893
2894
2896
3083
3084
3087
1198
1200
2615
1198
2616
2742
2743
2744
3090
3092
3093
3095
1204
2617
2899
2900
2901
3097
3099
3100
3102
1200
3093
3094
3095
3096
1206
3100
3101
3102
3103
2909
2910
2912
3090
3091
3094
1208
2916
2917
2919
3097
3098
3101
1205
1207
2622
1205
2623
2745
2746
2747
3104
3106
3107
3109
1211
2624
2922
2923
2924
3111
3113
3114
3116
1207
3107
3108
3109
3110
1213
3114
3115
3116
3117
2932
2933
2935
3104
3105
3108
1215
2939
2940
2942
3111
3112
3115
1212
1214
2629
1212
2630
2748
2749
2750
3118
3120
3121
3123
1217
2631
2945
2946
2947
3125
3127
3128
3130
1214
3121
3122
3123
3124
1218
3128
3129
3130
3131
2955
2956
2958
3118
3119
3122
1219
2962
2963
2965
3125
3126
3129
2634
2751
2752
2753
3132
3134
3135
3137
5871
3135
3136
3137
3138
5710
5872
2972
2973
2975
3132
3133
3136
1222
1224
2671
2882
2883
2884
1222
1225
1651
2668
1226
1228
2672
1224
1225
1336
1338
1339
1653
1226
1230
1340
1341
1342
1226
1655
1232
1229
1231
2677
2905
2906
2907
1229
1232
2678
1233
1235
2679
1231
1232
1349
1350
1351
1233
1237
1352
1353
1354
1233
1239
1236
1238
2684
2928
2929
2930
1236
1239
2685
1240
1690
2686
1238
1239
1361
1362
1363
1240
1364
1365
1366
1692
1240
1694
1243
1691
2696
5721
5890
1243
1376
1377
1378
1693
5891
1695
5721
5892
2985
3140
3141
3142
1246
2754
2757
2758
2759
2764
2986
2766
2987
3139
3141
3143
3144
1668
1714
1716
1250
1252
1717
1718
1719
1720
1250
1251
1670
3150
3151
3152
1254
2769
3146
3147
3148
3149
1672
1714
3150
3151
1254
1725
1726
1727
1728
1254
1259
2770
3157
3158
3159
3160
2772
3153
3154
3155
3156
2999
3162
3163
3164
1257
2773
2776
2777
2778
2783
3000
2785
3001
3161
3163
3165
3166
1260
1261
1733
1734
1735
1736
1260
2786
3172
3173
3174
3175
1263
2788
3168
3169
3170
3171
1263
1741
1742
1743
1744
1263
1268
2789
3180
3181
3182
3183
2791
3176
3177
3178
3179
3013
3185
3186
3187
1266
2792
2795
2796
2797
2802
3014
2804
3015
3184
3186
3188
3189
1269
1270
1749
1750
1751
1752
1269
2805
3195
3196
3197
3198
1272
2807
3191
3192
3193
3194
1272
1757
1758
1759
1760
1272
1277
2808
3203
3204
3205
3206
2810
3199
3200
3201
3202
3027
3208
3209
3210
1275
2811
2814
2815
2816
2821
3028
2823
3029
3207
3209
3211
3212
1278
1279
1765
1766
1767
1768
1278
2824
3218
3219
3220
3221
1281
2826
3214
3215
3216
3217
1281
1773
1774
1775
1776
1281
1283
2827
3226
3227
3228
3229
2829
3222
3223
3224
3225
1284
1781
1782
1783
1784
5912
1284
2833
3234
3235
3236
3237
2835
3230
3231
3232
3233
5914
1287
1288
1289
2700
3242
3243
3244
3245
1287
1288
1674
2216
2217
2218
2219
1292
2240
2241
2242
2243
1676
2699
3238
3239
3240
3241
1291
1292
2836
3250
3251
3252
3253
1291
1292
1294
2220
2221
2222
2223
1295
2842
3246
3247
3248
3249
2244
2245
2246
2247
1295
1296
1297
2704
3258
3259
3260
3261
1295
1296
2224
2225
2226
2227
2710
3254
3255
3256
3257
1301
2248
2249
2250
2251
1300
1301
2843
3262
3263
3264
3265
1300
2846
2850
2853
3262
3264
3267
3269
1300
1301
1303
2850
2851
2852
2853
1304
2849
2252
2253
2254
2255
1304
1305
1306
2711
3270
3271
3272
3273
1304
1305
2228
2229
2230
2231
2717
3266
3267
3268
3269
1309
2256
2257
2258
2259
1308
1309
2854
3278
3279
3280
3281
1308
1309
1311
2405
2406
2407
2408
1312
2860
3274
3275
3276
3277
2409
2410
2411
2412
1312
1313
1314
2718
3286
3287
3288
3289
1312
1313
1696
1697
1698
1699
2724
3282
3283
3284
3285
1317
1785
1786
1787
1788
1316
1317
2861
3294
3295
3296
3297
1316
1317
1319
2232
2233
2234
2235
1320
2867
3290
3291
3292
3293
1789
1790
1791
1792
1320
1321
1322
2725
3302
3303
3304
3305
1320
1321
1700
1701
1702
1703
2731
3298
3299
3300
3301
1325
1793
1794
1795
1796
1324
1325
2868
3310
3311
3312
3313
1324
1325
1327
2236
2237
2238
2239
1328
2874
3306
3307
3308
3309
1797
1798
1799
1800
1328
1329
2732
3318
3319
3320
3321
5934
1328
1329
1704
1705
1706
1707
2738
3314
3315
3316
3317
1801
1802
1803
1804
5937
1332
1607
2739
2886
2887
2888
2890
3076
1334
3079
3323
3324
3325
1335
2741
3080
3322
3324
3326
3328
1335
1343
2876
2892
2893
2896
2897
3083
3084
3330
3331
3332
2877
3085
3329
3331
3333
3334
1339
1847
2879
3340
3341
3342
3343
1805
1806
1849
3341
1339
1341
1808
1809
1810
1811
1342
2881
3336
3337
3338
3339
1342
1349
2883
3348
3349
3350
3351
1342
1816
1817
1818
1819
2884
3344
3345
3346
3347
1345
2743
2908
2909
2912
2914
3090
1347
3091
3353
3354
3355
1348
2744
3092
3352
3354
3356
3358
1348
1355
2900
2915
2916
2919
2920
3097
3098
3360
3361
3362
2901
3099
3359
3361
3363
3364
1351
2903
3370
3371
3372
3373
1351
1353
2260
2261
2262
2263
1354
2904
3366
3367
3368
3369
1354
1361
2906
1354
2264
2265
2266
2267
2907
3374
3375
3376
3377
1357
2746
2931
2932
2935
2937
3104
1359
3105
3383
3384
3385
1360
2747
3106
3382
3384
3386
3388
1360
1367
2923
2938
2939
2942
2944
3111
3112
3390
3391
3392
2924
3113
3389
3391
3393
3395
1363
2926
1363
1365
1824
1825
1826
1827
1366
2927
3396
3397
3398
3399
1366
1708
2929
3408
3409
3410
3411
1366
1832
1833
1834
1835
2930
3404
3405
3406
3407
1369
2749
2954
2955
2958
2960
3118
1371
3119
3413
3414
3415
1372
2750
3120
3412
3414
3416
3418
1372
1373
2946
2961
2962
2965
2966
3125
3126
3420
3421
3422
2947
3127
3419
3421
3423
3424
1375
2752
2971
2972
2975
2977
3132
3133
3427
3428
3429
5957
2753
3134
3426
3428
3430
3432
5958
1378
1711
2969
3437
3438
3439
3440
1378
1840
1841
1842
1843
5960
2970
3433
3434
3435
3436
5961
1577
1581
1582
1584
1381
1404
1582
1583
1586
1587
1884
1382
1405
1885
1383
1406
1886
1384
1407
1887
1385
1408
1888
1386
1409
1889
1387
1410
1890
1388
1411
1891
1389
1412
1892
1390
1413
1893
1391
1414
1613
1616
1617
1894
1609
1613
1616
3578
3579
3580
3581
1588
1614
3442
3443
3444
1593
1623
1627
1628
1630
1665
1666
1667
1395
1418
1628
1629
1632
1633
1897
1396
1419
1898
1397
1420
1899
1398
1421
1900
1399
1422
1901
1400
1423
1902
1401
1424
1903
1402
1425
1904
1426
1905
2206
1404
1584
1585
1586
1587
1906
1405
1427
1907
1406
1428
1908
1407
1429
1909
1408
1430
1910
1409
1431
1911
1410
1432
1912
1411
1433
1913
1412
1434
1914
1413
1435
1915
1414
1436
1916
1415
1437
1917
3448
3451
3452
1616
3448
3450
3451
3727
3449
3455
3458
3734
1418
1632
3463
3464
3465
3741
1419
1440
1921
3464
3465
3468
1420
1441
1922
1421
1442
1923
1422
1443
1924
1423
1444
1925
1424
1445
1926
1425
1446
1927
1426
1447
1928
1448
1929
2207
1428
1931
1429
1449
1932
1430
1450
1933
1431
1451
1934
1432
1452
1935
1433
1453
1936
1434
1454
1937
1435
1455
1938
1436
1456
1939
1437
1457
1940
1438
1458
1941
1459
1942
3448
3449
3452
3453
1440
1460
1943
3462
3464
3466
3468
1441
1461
1944
1442
1462
1945
1443
1463
1946
1444
1464
1947
1445
1465
1948
1446
1466
1949
1447
1467
1950
1448
1468
1951
1469
1952
2208
1450
1955
1451
1470
1956
1452
1471
1957
1453
1472
1958
1454
1473
1959
1455
1474
1960
1456
1475
1961
1457
1476
1962
1458
1477
1963
1459
1478
1964
1479
1965
1461
1480
1966
1462
1481
1967
1463
1482
1968
1464
1483
1969
1465
1484
1970
1466
1485
1971
1467
1486
1972
1468
1487
1973
1469
1488
1974
1489
1975
2209
1471
1979
1472
1490
1980
1473
1491
1981
1474
1492
1982
1475
1493
1983
1476
1494
1984
1477
1495
1985
1478
1496
1986
1479
1497
1987
1498
1988
1481
1499
1989
1482
1500
1990
1483
1501
1991
1484
1502
1992
1485
1503
1993
1486
1504
1994
1487
1505
1995
1488
1506
1996
1489
1507
1997
1508
1998
2210
1491
2003
1492
1509
2004
1493
1510
2005
1494
1511
2006
1495
1512
2007
1496
1513
2008
1497
1514
2009
1498
1515
2010
1516
2011
1500
1517
2012
1501
1518
2013
1502
1519
2014
1503
1520
2015
1504
1521
2016
1505
1522
2017
1506
1523
2018
1507
1524
2019
1508
1525
2020
1526
2021
2211
1510
2027
1511
1527
2028
1512
1528
2029
1513
1529
2030
1514
1530
2031
1515
1531
2032
1516
1532
2033
1533
2034
1518
1534
2035
1519
1535
2036
1520
1536
2037
1521
1537
2038
1522
1538
2039
1523
1539
2040
1524
1540
2041
1525
1541
2042
1526
1542
2043
1543
2044
2212
1528
2051
1529
1544
2052
1530
1545
2053
1531
1546
2054
1532
1547
2055
1533
1548
2056
1549
2057
3469
3472
3473
1535
1551
2058
3483
3486
3487
1536
1552
2059
1537
1553
2060
1538
1554
2061
1539
1555
2062
1540
1556
2063
1541
1557
2064
1542
1558
2065
1543
1559
2066
1560
2067
2213
1545
2075
1546
1561
2076
1547
1562
2077
1548
1563
2078
1549
1564
2079
3470
3472
3474
3469
3470
3472
3755
3469
3477
3479
3762
3476
3483
3484
3486
3769
1553
1568
2083
3483
3485
3487
3489
1554
1569
2084
1555
1570
2085
1556
1571
2086
1557
1572
2087
1558
1573
2088
1559
1574
2089
1560
1575
2090
1576
2091
2214
1562
2100
1563
2101
1564
2102
1565
1638
1641
1642
2103
1634
1638
1639
1641
3470
1602
1639
3477
3490
3491
1645
1649
1650
1652
3484
3549
3550
3551
3552
1569
1650
1651
1654
1655
2107
1570
2108
1571
2109
1572
2110
1573
2111
1574
2112
1575
2113
1576
2114
2115
2215
1578
1579
1883
1580
1582
1884
2116
1580
1584
1906
2117
1586
1884
1906
2118
1583
1585
1583
1586
1587
1585
1586
1587
1587
3494
3495
3496
3571
1593
1623
1659
1660
1852
1853
1854
1855
1595
1612
3500
3502
3735
1625
1661
3504
3505
3789
3506
3508
3510
3583
1665
1666
1860
1861
1862
1863
1627
1668
1669
1670
1868
1869
1870
1618
3455
3513
3514
1619
3459
3516
3517
1630
3457
3503
3519
3520
1631
1670
3522
3524
3525
3527
3530
3748
1601
2093
2121
3526
3527
3529
3531
3749
1673
1674
1675
1676
2093
2122
1635
3532
3534
3764
1606
3540
3541
3542
3599
1608
1647
1680
1681
2413
2414
2415
2416
1640
3481
3546
3547
1643
3558
3559
3560
1846
3546
3610
3709
3710
3713
3714
1652
1686
1687
2417
2418
2419
2420
1610
1611
1894
1895
3568
3573
3574
1612
3568
3569
3574
3798
1612
1616
1894
2124
3727
1618
2125
3500
3501
3502
3569
3572
3574
3730
1615
1617
3582
3587
3588
3442
3444
3445
3571
3575
3576
3579
1619
3582
3584
3587
1617
1618
1619
3451
1619
3450
3513
3514
3515
3576
3577
3578
3580
3454
3516
3517
3518
3584
3586
3587
1662
3575
3590
3591
3592
1622
1657
3441
3444
3445
3446
3513
3576
1664
3515
3577
3589
3591
3593
3594
1624
1625
1659
1660
1661
1896
1626
1628
1897
2128
1626
1630
2129
3503
3504
3505
3743
1632
1897
2130
3741
1629
1631
1669
1670
1671
1629
1632
1633
1631
1632
3463
3519
3520
3521
1633
3467
3522
3523
3524
1633
3465
1635
1636
2103
2104
3757
1637
1639
2131
3532
3533
3534
3596
3600
3602
3758
1637
1641
2103
2132
3597
3601
3602
3596
3597
3602
3812
1640
1642
3474
1640
3471
3490
3491
3492
3603
3605
3606
3608
1644
3475
3546
3547
3548
3610
3614
3615
1642
3606
3607
3608
3609
1644
3611
3615
3616
3558
3559
3561
3599
3603
3604
3607
3610
3611
3615
1646
1647
2106
3535
3536
3537
3538
3771
1648
1650
2107
2134
3772
1648
1652
1680
1681
1682
2135
1654
2107
2136
1651
1653
3488
3553
3554
3555
3556
1651
1654
3485
1655
3489
1653
1654
1686
1687
1688
1655
1847
1848
1850
1851
1655
1658
3570
3617
3618
3622
3805
1658
3493
3496
3497
3498
3502
3572
2127
3501
3569
3618
3620
3622
1661
1856
1857
1858
1859
2138
1661
1666
3505
3628
3629
3630
3631
2139
3624
3625
3626
3627
3585
3633
3634
3635
1664
3506
3507
3509
3511
3516
3584
3518
3586
3632
3634
3636
3637
1667
1669
1864
1865
1866
1867
1667
3519
3643
3644
3645
3646
1671
3521
3639
3640
3641
3642
1868
1870
1671
1871
1872
1873
1874
1671
1672
3651
3652
3653
3524
3647
3648
3649
3650
1868
3651
3652
1675
1676
2142
3529
3658
3659
3660
3661
1675
1676
2268
2269
2270
2271
1875
1876
1877
1878
2144
3531
3654
3655
3656
3657
1679
1683
3534
3539
3540
3543
3544
3600
3598
3662
3663
3666
3822
2141
3533
3596
3662
3664
3665
3667
1682
1686
3538
3673
3674
3675
3676
1682
1879
1880
1881
1882
2145
2146
3537
3669
3670
3671
3672
1685
3491
3557
3558
3561
3563
3603
1845
3604
3678
3679
3680
1846
3492
3605
3677
3679
3681
3683
1688
3551
3688
3689
3690
3691
1688
1850
2421
2422
2423
2424
1851
3552
3684
3685
3686
3687
1691
1693
2691
2951
2952
2953
1691
1694
2692
1695
2693
1693
1694
1708
1709
1710
1695
1711
1712
1713
1695
1698
1699
1785
3282
1698
1699
2406
1787
2408
3285
1702
1703
1793
3298
1702
1703
2233
1795
2235
3301
1706
1707
1801
3314
1706
1707
2237
1803
2239
3317
1710
2949
3696
3697
3698
3699
1710
1712
2276
2277
2278
2279
1713
2950
3692
3693
3694
3695
1713
2952
3704
3705
3706
3707
1713
2284
2285
2286
2287
2953
3700
3701
3702
3703
1715
1868
1716
1717
3151
1720
1719
1720
3146
1719
1720
1726
1727
3148
1723
1724
1725
3157
1723
1724
1730
1731
3160
1728
1727
1728
3153
1727
1728
3155
1731
1732
1733
3172
1731
1732
3174
1736
1735
1736
3168
1735
1736
1742
1743
3170
1739
1740
1741
3180
1739
1740
1746
1747
3183
1744
1743
1744
3176
1743
1744
3178
1747
1748
1749
3195
1747
1748
3197
1752
1751
1752
3191
1751
1752
1758
1759
3193
1755
1756
1757
3203
1755
1756
1762
1763
3206
1760
1759
1760
3199
1759
1760
3201
1763
1764
1765
3218
1763
1764
3220
1768
1767
1768
3214
1767
1768
1774
1775
3216
1771
1772
1773
3226
1771
1772
1778
1779
3229
1776
1775
1776
3222
1775
1776
3224
1779
1780
1781
3234
1779
1780
3236
1784
1783
1784
3230
1783
1784
6009
3232
6010
1787
1788
3286
1787
1788
1790
1792
3289
1791
1792
2232
3294
1791
1792
2234
3297
1795
1796
3302
1795
1796
1798
1800
3305
1799
1800
2236
3310
1799
1800
2238
3313
1803
1804
3318
1803
1804
6049
3321
6051
1807
2288
1807
1808
3342
1811
1810
1811
3336
1810
1811
1817
1818
3339
1814
1815
1816
3348
1814
1815
1821
1822
3351
1819
1818
1819
3344
1818
1819
3347
1822
1823
2260
3370
1822
1823
3372
2263
1826
1827
3396
3400
1826
1827
1833
3402
1835
3399
1830
1831
1832
3408
1830
1831
2272
1834
2273
3411
1834
1835
3404
1834
1835
3407
1838
1839
1840
3437
1838
1839
2280
2281
3439
1843
1842
1843
3433
1842
1843
6061
3436
6062
3612
3708
3710
3711
3613
3715
3716
3717
3548
3614
3716
3718
3720
3721
1848
1851
3554
3564
3565
3566
3567
1849
1850
2288
2289
2290
2288
2290
3565
1851
2425
2426
2427
2428
3556
3722
3723
3724
3725
1854
1855
1856
3628
1854
1855
1861
1862
3631
1859
1858
1859
3626
1858
1859
2149
2150
3625
1862
1863
1864
3643
1862
1863
3645
1867
1866
1867
3639
1866
1867
1872
1873
3641
1869
1870
1871
3652
1874
1873
1874
3647
1873
1874
3649
1877
1878
2270
3660
1877
1878
2291
2271
2143
3659
1881
1882
2413
3671
1881
1882
2431
2430
3670
2416
2116
2117
2295
1885
1907
2116
2118
3947
1886
1908
3949
1887
1909
3951
1888
1910
3953
1889
1911
3955
1890
1912
3957
1891
1913
3959
1892
1914
3961
1893
1915
3963
1894
1916
3965
1895
1917
2124
3967
2123
2124
2312
3795
3798
3799
2128
2129
2138
2139
2303
2317
2335
1898
1921
2128
2130
3972
1899
1922
3974
1900
1923
3976
1901
1924
3978
1902
1925
3980
1903
1926
3982
1904
1927
3984
1905
1928
3986
1929
2152
3988
1907
1930
2117
2118
3990
1908
1931
3992
1909
1932
3994
1910
1933
3996
1911
1934
3998
1912
1935
4000
1913
1936
4002
1914
1937
4004
1915
1938
4006
1916
1939
4008
1917
1940
4010
1941
3726
3727
3728
3731
4012
1919
2125
3726
3730
3732
4573
2119
3735
3738
3786
4582
2129
3733
3740
3743
3745
4593
1922
1944
3740
3741
3744
3746
4017
1923
1945
4019
1924
1946
4021
1925
1947
4023
1926
1948
4025
1927
1949
4027
1928
1950
4029
1929
1951
4031
1952
2153
4033
1931
1953
4035
1932
1954
4037
1933
1955
4039
1934
1956
4041
1935
1957
4043
1936
1958
4045
1937
1959
4047
1938
1960
4049
1939
1961
4051
1940
1962
4053
1941
1963
4055
1942
1964
4057
1965
3728
3729
3731
3732
4059
1944
1966
3742
3744
3745
3746
4061
1945
1967
4063
1946
1968
4065
1947
1969
4067
1948
1970
4069
1949
1971
4071
1950
1972
4073
1951
1973
4075
1952
1974
4077
1975
2154
4079
1954
1976
4081
1955
1977
4083
1956
1978
4085
1957
1979
4087
1958
1980
4089
1959
1981
4091
1960
1982
4093
1961
1983
4095
1962
1984
4097
1963
1985
4099
1964
1986
4101
1965
1987
4103
1988
4105
1967
1989
4107
1968
1990
4109
1969
1991
4111
1970
1992
4113
1971
1993
4115
1972
1994
4117
1973
1995
4119
1974
1996
4121
1975
1997
4123
1998
2155
4125
1977
1999
4127
1978
2000
4129
1979
2001
4131
1980
2002
4133
1981
2003
4135
1982
2004
4137
1983
2005
4139
1984
2006
4141
1985
2007
4143
1986
2008
4145
1987
2009
4147
1988
2010
4149
2011
4151
1990
2012
4153
1991
2013
4155
1992
2014
4157
1993
2015
4159
1994
2016
4161
1995
2017
4163
1996
2018
4165
1997
2019
4167
1998
2020
4169
2021
2156
4171
2000
2022
4173
2001
2023
4175
2002
2024
4177
2003
2025
4179
2004
2026
4181
2005
2027
4183
2006
2028
4185
2007
2029
4187
2008
2030
4189
2009
2031
4191
2010
2032
4193
2011
2033
4195
2034
4197
2013
2035
4199
2014
2036
4201
2015
2037
4203
2016
2038
4205
2017
2039
4207
2018
2040
4209
2019
2041
4211
2020
2042
4213
2021
2043
4215
2044
2157
4217
2023
2045
4219
2024
2046
4221
2025
2047
4223
2026
2048
4225
2027
2049
4227
2028
2050
4229
2029
2051
4231
2030
2052
4233
2031
2053
4235
2032
2054
4237
2033
2055
4239
2034
2056
4241
2057
4243
2036
2058
4245
2037
2059
4247
2038
2060
4249
2039
2061
4251
2040
2062
4253
2041
2063
4255
2042
2064
4257
2043
2065
4259
2044
2066
4261
2067
2158
4263
2046
3750
3751
3752
3753
4265
2047
2069
4267
2048
2070
4269
2049
2071
4271
2050
2072
4273
2051
2073
4275
2052
2074
4277
2053
2075
4279
2054
2076
4281
2055
2077
4283
2056
2078
4285
2057
2079
4287
3755
3756
3759
3760
4289
2059
3769
3770
3773
3774
4291
2060
2083
4293
2061
2084
4295
2062
2085
4297
2063
2086
4299
2064
2087
4301
2065
2088
4303
2066
2089
4305
2067
2090
4307
2091
2159
4309
2092
3747
3748
3752
3777
3778
3779
4608
2070
2093
3747
3749
3751
3753
4312
2071
2094
4314
2072
2095
4316
2073
2096
4318
2074
2097
4320
2075
2098
4322
2076
2099
4324
2077
2100
4326
2078
2101
4328
2079
2102
4330
2080
2103
3755
3757
3759
4332
2104
3754
3757
3759
4619
2105
3754
3764
3766
3783
4630
2106
3761
3768
3771
3773
4641
2084
2107
3768
3770
3772
3774
4337
2085
2108
4339
2086
2109
4341
2087
2110
4343
2088
2111
4345
2089
2112
4347
2090
2113
4349
2091
2114
4351
2115
2160
4353
2304
3775
3777
3778
2094
2121
2122
4356
2095
4358
2096
4360
2097
4362
2098
4364
2099
4366
2100
4368
2101
4370
2102
4372
2103
4374
2104
2132
4376
2131
2132
2321
2131
2307
3782
3783
2134
2135
2325
3791
3792
3793
3794
2108
2134
2136
4381
2109
4383
2110
4385
2111
4387
2112
4389
2113
4391
2114
4393
2115
4395
2161
4397
2118
2296
2118
2297
2298
2125
2301
3785
3786
2129
2302
2335
3788
3789
2122
2305
3747
3776
3777
3779
3781
2142
2144
2306
2344
2345
2125
2313
3795
3797
3798
2125
2314
3726
2315
3785
3786
3787
3797
3798
3800
2127
3801
3802
3803
3805
3835
2316
3787
3800
3803
3805
3807
2130
2318
2130
2319
3788
3789
3790
2320
3740
2133
2322
3754
3782
3783
3784
3809
3812
3813
2133
2323
3810
3812
3814
2324
3809
3810
3812
2136
2326
3768
2136
2145
2146
2311
2327
2349
2328
2139
2148
3816
3818
3912
2139
2148
2149
2150
2151
2303
2335
3789
3816
3817
3818
3815
3819
3820
3822
3875
2339
3784
3813
3820
3821
3823
3825
2144
2345
3781
3826
3827
3828
3829
2144
2291
2292
3829
2291
2292
2293
2344
2146
2147
2311
2429
2430
2431
2349
3794
3830
3831
3832
3833
2350
2429
2431
2150
2151
2359
2150
2151
3818
2362
2153
2206
4509
5019
2154
2207
4511
5021
2155
2208
4513
5023
2156
2209
2437
4515
2157
2210
2399
4517
2158
2211
2400
4519
2159
2212
2401
4521
2160
2213
2402
4523
2161
2214
2403
4525
2215
2404
4527
2163
2167
2206
4865
2164
2168
4866
2165
2169
4867
2166
2170
4868
2171
4869
6084
2168
2172
2207
4875
2169
2173
4876
2170
2174
4877
2171
2175
4878
2176
4879
6086
2173
2177
2208
4885
2174
2178
4886
2175
2179
4887
2176
2180
4888
2181
4889
6088
2178
2182
2209
4895
2179
2183
4896
2180
2184
4897
2181
2185
4898
4899
5328
6090
6092
2183
2186
2210
2432
2184
2187
2433
2185
2188
4905
2189
4906
6092
2187
2190
2211
2375
2188
2191
2376
2189
2192
2434
2193
2435
6095
2191
2194
2212
2377
2192
2195
2378
2193
2196
2379
2197
2380
6098
2195
2198
2213
2381
2196
2199
2382
2197
2200
2383
2201
2384
6101
2199
2202
2214
2385
2200
2203
2386
2201
2204
2387
2205
2388
6104
2203
2215
2389
2204
2390
2205
2391
2392
6107
2207
4946
2208
4949
2209
4952
2210
2436
2211
2393
2212
2394
2213
2395
2214
2396
2215
2397
2398
2217
2219
2268
2218
2269
3239
2219
2240
3240
2242
2222
2223
2244
3246
2222
2223
2225
2246
2227
3249
2226
2227
2248
3254
2226
2227
2250
3257
2230
2231
2256
3266
2230
2231
2851
2258
2853
3269
2234
2235
3290
2234
2235
3293
2238
2239
3306
2238
2239
3309
2242
2243
3242
2242
2243
2245
2247
3245
2246
2247
3250
2246
2247
3253
2250
2251
3258
2250
2251
2253
2255
3261
2254
2255
2850
3262
2254
2255
2852
3265
2258
2259
3270
2258
2259
2410
2412
3273
2262
2263
3366
2262
2263
2265
2266
3369
2266
2267
3374
3378
2266
2267
3377
3381
2269
2271
2270
3655
2271
3656
2273
2274
2275
3697
2275
2277
2278
3698
2277
2279
2284
2278
2279
3692
2287
3695
2281
2282
2283
3705
2283
2285
2286
3706
2285
2287
2286
2287
3700
3703
2289
2290
2427
2428
3566
2293
2293
2367
3827
2369
2299
3796
3834
3836
3839
2296
2297
3945
2298
3947
4402
2298
3990
4403
3947
3990
4404
3841
3843
3844
3883
2303
2317
2332
2333
2351
2352
2353
2354
2315
3848
3849
4582
2319
2333
3851
3853
2335
2359
2360
2361
2362
3854
3856
3858
4608
2306
3855
3856
3857
3859
4356
4415
4610
2340
2341
2342
2343
4356
4416
2322
3861
3862
4630
2310
3868
3870
3871
3891
2311
2327
2346
2347
3934
3935
3936
3937
3811
3875
3878
3880
2349
2350
3942
3943
3944
2313
2314
3882
3887
3888
3967
3968
2315
3882
3884
3887
2315
3967
4425
4571
3848
3849
3850
3884
3886
3887
4426
4573
2330
3785
3797
3834
3835
3837
3840
2318
2319
2332
2333
2334
3970
2320
3972
4434
2320
3851
3852
3853
4435
4593
3972
4436
4595
2322
2323
4376
4377
4619
2324
3861
3862
3863
3889
3893
3894
4437
4621
2324
3890
3894
3895
4376
4438
3889
3890
3894
2326
2327
3864
3865
3866
3867
4379
4641
2328
4381
4444
4643
2328
2346
2347
2348
4445
4381
4446
3885
3897
3898
3899
4427
2331
3841
3842
3845
3846
3848
3884
3850
3886
3896
3898
3900
3901
4429
2334
2355
2356
2357
2358
4453
2334
2335
3907
3908
3909
3910
3853
3903
3904
3905
3906
4455
3911
3912
3913
3914
2338
2339
3861
3868
3869
3872
3873
3889
3892
3916
3917
3918
4457
3863
3893
3915
3917
3919
3920
4458
3782
3809
3877
3878
3879
3881
2342
2343
3857
3926
3927
3928
3929
4474
2342
2343
2344
2363
2364
2365
2366
2345
3855
3922
3923
3924
3925
2371
2372
2373
2374
4477
2345
2367
2368
2369
2370
3776
3930
3931
3932
3933
2348
2349
3865
2348
3938
3939
3940
3941
4460
3867
4461
3792
3942
3943
2353
2354
2355
3908
2353
2354
2360
2361
3910
2358
2357
2358
3903
2357
2358
4497
3905
4498
2361
2362
3912
2361
2362
3914
2365
2366
2371
3923
2365
2366
2368
2370
3925
2374
2369
2370
3932
2369
2370
3933
2373
2374
3926
2373
2374
4555
3929
4557
2376
2377
2394
2432
4912
2378
2433
2434
4913
2378
2381
2395
4916
2379
2382
4917
2380
2383
2434
4918
2384
2435
4919
6154
2382
2385
2396
4922
2383
2386
4923
2384
2387
4924
2388
4925
6146
2386
2389
2397
4930
2387
2390
4931
2388
2391
4932
2392
4933
6148
2390
2398
4938
2391
4939
2392
4940
4941
6151
2394
2399
2432
2436
4957
2395
2400
4959
2396
2401
4961
2397
2402
4963
2398
2403
4965
2404
4967
2400
2437
4531
5026
2401
4533
5027
2402
4535
5029
2403
4537
5031
2404
4539
5033
4541
5035
2407
2408
2409
3274
2407
2408
2411
3277
2411
2412
3278
2411
2412
3281
2415
2416
3673
2415
2416
2418
2419
3676
2419
2420
2421
3688
2419
2420
3690
2424
2423
2424
3684
2423
2424
2425
2426
3687
2426
2427
2428
3723
2428
3724
2430
3831
3942
2431
3833
2433
4895
4907
4896
4905
4908
2435
4905
4914
4906
4915
6784
2437
4895
4952
4955
4529
5023
5025
2439
2443
2979
3506
2440
2441
3507
2444
3508
2443
2444
3041
2443
2444
2979
3042
2979
3045
3047
2449
2450
2451
3048
2449
2451
3049
2450
2451
2756
2449
2450
2757
3052
2759
3054
2456
2457
2458
3055
2456
2458
3056
2457
2458
2775
2456
2457
2776
3059
2778
3061
2463
2464
2465
3062
2463
2465
3063
2464
2465
2794
2463
2464
2795
3066
2797
3068
2470
2471
2472
3069
2470
2472
3070
2471
2472
2813
2470
2471
2814
3073
2816
3075
2474
2478
3452
2475
2479
3453
2477
2504
3454
2477
2478
2479
2481
2507
2479
2483
2485
2509
2482
2484
2482
2485
2486
2488
2511
2484
2485
2486
2490
2486
2514
2492
2515
2489
2491
2489
2492
2493
2495
2518
2491
2492
2493
2497
2493
2521
2499
2522
2496
2498
2496
2499
2500
2501
2525
2498
2499
2500
2502
2500
2528
2503
2529
2503
6179
2503
5157
5230
6180
2533
5230
6181
2507
2762
3459
2506
2510
2535
3460
2508
2536
2767
2768
3461
2509
2765
2510
2512
2538
2771
2514
2516
2540
2515
2784
2513
2516
2787
2517
2519
2542
2790
2515
2521
2517
2545
2523
2546
2522
2803
2520
2523
2806
2524
2526
2549
2809
2522
2528
2524
2552
2530
2553
2529
2822
2527
2530
2825
2531
2532
2556
2828
2529
2533
2531
2559
2534
2560
2534
2834
6200
6201
2564
6202
2536
2537
2540
3466
2538
3467
2541
3468
2539
2540
2541
2543
2541
2545
2547
2544
2546
2544
2547
2548
2550
2546
2547
2548
2552
2548
2554
2551
2553
2551
2554
2555
2557
2553
2554
2555
2559
2555
2561
2558
2560
2558
2561
2562
2563
2560
2561
2562
2564
2562
2565
2565
5169
6221
2565
5233
6222
5169
5233
6223
2568
2572
3749
2568
2569
3750
2570
3751
2570
2571
2572
2574
2572
2576
2837
2838
2840
2578
2575
2577
2575
2578
2579
2581
2577
2578
2705
2706
2708
2579
2583
2844
2845
2847
2579
2585
2582
2584
2582
2585
2586
2588
2584
2585
2712
2713
2715
2586
2590
2855
2856
2858
2586
2592
2589
2591
2589
2592
2593
2595
2591
2592
2719
2720
2722
2593
2597
2862
2863
2865
2593
2599
2596
2598
2596
2599
2600
2601
2598
2599
2726
2727
2729
2600
2602
2869
2870
2872
2600
2603
2603
5538
5609
6242
2603
2733
2734
2736
6243
5609
6244
2606
2608
3473
2606
2609
3474
2610
2636
3475
2608
2609
2610
2612
2638
2610
2614
2616
2640
2613
2615
2613
2616
2617
2619
2642
2615
2616
2617
2621
2617
2645
2623
2646
2620
2622
2620
2623
2624
2626
2649
2622
2623
2624
2628
2624
2652
2630
2653
2627
2629
2627
2630
2631
2632
2656
2629
2630
2631
2633
2631
2659
2634
2660
2634
5574
6260
2634
5639
6261
2664
6262
2637
2639
3480
2640
2740
3481
2641
2667
2878
2880
3482
2640
2641
2643
2669
2645
2875
2647
2671
2882
2646
2644
2647
2648
2650
2673
2646
2742
2652
2899
2648
2676
2902
2654
2677
2905
2653
2651
2654
2655
2657
2680
2653
2745
2659
2922
2655
2683
2925
2661
2684
2928
2660
2658
2661
2662
2663
2687
2660
2748
2664
2945
2662
2690
2948
2665
2691
2951
2665
6279
2751
6280
2695
2968
6281
2668
2670
3487
2668
2671
3488
2672
3489
2670
2671
2672
2674
2672
2676
2678
2675
2677
2675
2678
2679
2681
2677
2678
2679
2683
2679
2685
2682
2684
2682
2685
2686
2688
2684
2685
2686
2690
2686
2692
2689
2691
2689
2692
2693
2694
2691
2692
2693
2695
2693
2696
2696
5577
5650
6300
2696
6301
5650
6302
2699
2702
3527
2699
2703
3238
3241
3530
2700
3531
2702
2703
2836
2702
2703
2837
2840
2841
3243
3244
2708
2709
2710
2843
2708
2709
2844
2708
2710
2838
2709
2710
2839
3255
3256
2847
2848
3259
3260
2842
2715
2716
2717
2854
2715
2716
2855
2715
2717
2845
2716
2717
2846
3267
3268
2858
2859
3271
3272
2849
2722
2723
2724
2861
2722
2723
2862
2722
2724
2856
2723
2724
2857
3283
3284
2865
2866
3287
3288
2860
2729
2730
2731
2868
2729
2730
2869
2729
2731
2863
2730
2731
2864
3299
3300
2872
2873
3303
3304
2867
2736
2737
2738
6397
2736
2737
6398
2736
2738
2870
2737
2738
2871
3315
3316
6401
3319
3320
6402
2874
2741
3546
2741
2875
2877
2744
2899
2744
2876
2901
2747
2922
2747
2900
2924
2750
2945
2750
2923
2947
2753
6418
2753
2946
6420
2758
2759
2760
3139
2758
2760
3140
2759
2760
2758
2759
3143
3145
2763
3516
2763
2765
2766
2766
2780
2766
2768
3522
2769
2771
2772
2772
2786
2772
2777
2778
2779
3161
2777
2779
3162
2778
2779
2777
2778
3165
3167
2782
2782
2784
2785
2785
2799
2785
2788
2788
2790
2791
2791
2805
2791
2796
2797
2798
3184
2796
2798
3185
2797
2798
2796
2797
3188
3190
2801
2801
2803
2804
2804
2818
2804
2807
2807
2809
2810
2810
2824
2810
2815
2816
2817
3207
2815
2817
3208
2816
2817
2815
2816
3211
3213
2820
2820
2822
2823
2823
2830
2823
2826
2826
2828
2829
2829
2833
2829
2832
2832
6352
6353
2835
2835
6355
6356
2840
2841
2842
2840
2841
2840
2842
2841
2842
3247
3248
3251
3252
2847
2848
2849
2847
2848
2847
2849
2848
2849
3263
3264
2852
2853
2852
2853
2858
2859
2860
2858
2859
2858
2860
2859
2860
3275
3276
3279
3280
2865
2866
2867
2865
2866
2865
2867
2866
2867
3291
3292
3295
3296
2872
2873
2874
2872
2873
2872
2874
2873
2874
3307
3308
3311
3312
2877
2877
2879
2880
3553
2881
3554
2881
2882
2884
2884
2884
2903
2886
2891
3708
2887
2888
3709
2890
3078
3710
2890
2891
3322
2890
2891
3078
3323
3078
3326
3327
2896
2897
2898
3329
2896
2897
2909
2896
2898
3330
2897
2898
2911
3333
2914
3335
2901
2901
2904
2905
2904
2907
2907
2907
2926
2912
2913
2914
3352
2912
2914
2912
2913
3353
2913
2914
3356
3357
2919
2920
2921
3359
2919
2920
2932
2919
2921
3360
2920
2921
2934
3363
2937
3365
2924
2924
2927
2928
2927
2930
2930
2930
2949
2935
2936
2937
3382
2935
2937
2935
2936
3383
2936
2937
3386
3387
2942
2943
2944
3389
2942
2944
2955
2942
2943
3390
2943
2944
2957
3393
3394
2960
2947
2947
2950
2951
2950
2953
2953
2953
2969
2958
2959
2960
3412
2958
2960
2958
2959
3413
2959
2960
3416
3417
2965
2966
2967
3419
2965
2966
2972
2965
2967
3420
2966
2967
2974
3423
2977
3425
2970
6421
2970
6423
2975
2976
2977
3426
2975
2977
2975
2976
3427
2976
2977
3430
3431
2979
2984
3582
2980
2981
3583
2982
3584
2982
2984
2985
3042
3043
3045
2983
2987
2984
2988
2991
2987
2991
3140
3141
3143
2987
2990
2993
2988
2990
2991
2990
2991
2996
2997
2994
2998
2999
3049
3050
3052
2994
2997
2995
3001
2997
2998
3002
2997
2998
3005
3001
3005
3162
3163
3165
3001
3004
3007
3002
3004
3005
3004
3005
3010
3011
3008
3012
3013
3056
3057
3059
3008
3011
3009
3015
3011
3012
3016
3011
3012
3019
3015
3019
3185
3186
3188
3015
3018
3021
3016
3018
3019
3018
3019
3024
3025
3022
3026
3027
3063
3064
3066
3022
3025
3023
3029
3025
3026
3030
3025
3026
3033
3029
3033
3208
3209
3211
3029
3032
3035
3030
3032
3033
3032
3033
3038
3039
3036
3040
3070
3071
3073
6485
3036
3039
3037
6487
3039
3040
6488
3039
3040
6491
3045
3046
3047
3045
3047
3045
3046
3141
3046
3047
3142
3144
3052
3053
3054
3052
3054
3052
3053
3163
3053
3054
3164
3166
3059
3060
3061
3059
3061
3059
3060
3186
3060
3061
3187
3189
3066
3067
3068
3066
3068
3066
3067
3209
3067
3068
3210
3212
3073
3074
3075
3073
3075
3073
3074
6577
3074
3075
6578
6580
3078
3080
3610
3078
3082
3611
3079
3612
3080
3082
3084
3323
3324
3326
3081
3085
3082
3086
3089
3085
3088
3090
3085
3089
3330
3331
3333
3086
3088
3089
3088
3089
3094
3095
3092
3095
3092
3096
3098
3353
3354
3356
3093
3099
3095
3096
3100
3095
3096
3103
3099
3102
3104
3099
3103
3360
3361
3363
3100
3102
3103
3102
3103
3108
3109
3106
3109
3106
3110
3112
3383
3384
3386
3107
3113
3109
3110
3114
3109
3110
3117
3113
3116
3118
3113
3117
3390
3391
3393
3114
3116
3117
3116
3117
3122
3123
3120
3123
3120
3124
3126
3413
3414
3416
3121
3127
3123
3124
3128
3123
3124
3131
3127
3130
3132
3127
3131
3420
3421
3423
3128
3130
3131
3130
3131
3136
3137
3134
3137
3134
3138
3427
3428
3430
6538
3135
6539
3137
3138
6540
3137
3138
6543
3143
3144
3145
3143
3145
3143
3144
3144
3145
3148
3149
3151
3148
3149
3154
3155
3152
3152
3651
3152
3155
3156
3157
3155
3156
3159
3159
3160
3159
3160
3173
3174
3165
3166
3167
3165
3167
3165
3166
3166
3167
3170
3171
3172
3170
3171
3177
3178
3175
3174
3175
3174
3175
3178
3179
3180
3178
3179
3182
3182
3183
3182
3183
3196
3197
3188
3189
3190
3188
3190
3188
3189
3189
3190
3193
3194
3195
3193
3194
3200
3201
3198
3197
3198
3197
3198
3201
3202
3203
3201
3202
3205
3205
3206
3205
3206
3219
3220
3211
3212
3213
3211
3213
3211
3212
3212
3213
3216
3217
3218
3216
3217
3223
3224
3221
3220
3221
3220
3221
3224
3225
3226
3224
3225
3228
3228
3229
3228
3229
3235
3236
3232
3233
3234
3232
3233
6583
6584
3237
3236
3237
3236
3237
3239
3241
3654
3240
3655
3241
3242
3244
3244
3245
3244
3245
3251
3253
3248
3249
3250
3248
3249
3255
3252
3257
3252
3253
3252
3253
3256
3257
3258
3256
3257
3260
3260
3261
3260
3261
3263
3265
3264
3265
3264
3265
3268
3269
3270
3268
3269
3272
3272
3273
3272
3273
3279
3281
3276
3277
3278
3276
3277
3283
3280
3285
3280
3281
3280
3281
3284
3285
3286
3284
3285
3288
3288
3289
3288
3289
3295
3297
3292
3293
3294
3292
3293
3299
3296
3301
3296
3297
3296
3297
3300
3301
3302
3300
3301
3304
3304
3305
3304
3305
3311
3313
3308
3309
3310
3308
3309
3315
3312
3317
3312
3313
3312
3313
3316
3317
3318
3316
3317
3320
3320
3321
3320
3321
6645
6647
3326
3327
3328
3326
3327
3326
3328
3331
3327
3328
3332
3334
3333
3334
3335
3333
3335
3333
3334
3334
3335
3338
3339
3342
3338
3339
3345
3343
3347
3341
3343
3564
3342
3565
3343
3346
3347
3348
3346
3347
3350
3350
3351
3350
3351
3371
3372
3356
3357
3358
3356
3357
3356
3358
3361
3357
3358
3362
3364
3363
3364
3365
3363
3365
3363
3364
3364
3365
3368
3369
3370
3368
3369
3375
3373
3377
3372
3373
3372
3373
3376
3377
3376
3377
3380
3381
3380
3381
3401
3403
3386
3387
3388
3386
3387
3386
3388
3391
3387
3388
3392
3395
3393
3394
3395
3393
3394
3393
3395
3394
3395
3398
3399
3398
3399
3405
3407
3402
3403
3402
3403
3406
3407
3408
3406
3407
3410
3410
3411
3410
3411
3696
3697
3416
3417
3418
3416
3417
3416
3418
3421
3417
3418
3422
3424
3423
3424
3425
3423
3425
3423
3424
3424
3425
3430
3431
3432
3430
3431
3430
3432
6686
3431
3432
6687
6689
3435
3436
3437
3435
3436
6692
3440
6694
3439
3440
3439
3440
3704
3705
3445
3446
3447
3589
3445
3447
3590
3446
3447
3495
3445
3446
3496
3593
3498
3595
3449
3452
3728
3450
3453
3729
3454
3455
3730
3452
3454
3453
3454
3458
3459
3459
3514
3735
3457
3460
3462
3736
3461
3463
3520
3737
3459
3517
3461
3466
3467
3522
3523
3463
3464
3466
3742
3467
3743
3468
3744
3467
3468
3467
3468
3471
3473
3756
3471
3474
3757
3475
3477
3758
3473
3474
3475
3479
3475
3481
3478
3480
3763
3481
3490
3764
3482
3484
3549
3550
3765
3481
3482
3486
3547
3488
3553
3555
3485
3487
3770
3485
3488
3771
3489
3772
3487
3488
3489
3489
3492
3547
3492
3534
3548
3497
3498
3499
3620
3497
3499
3571
3621
3498
3499
3497
3498
3571
3571
3622
3623
3501
3735
3786
3502
3787
3513
3504
3505
3737
3737
3790
3519
3507
3511
3583
3508
3509
3512
3511
3512
3632
3511
3512
3583
3633
3583
3636
3638
3515
3515
3517
3518
3518
3518
3521
3521
3523
3524
3523
3524
3526
3528
3748
3778
3527
3529
3748
3779
3531
3748
3529
3530
3658
3661
3780
3531
3781
3531
3654
3657
3533
3764
3783
3534
3784
3536
3538
3549
3765
3537
3765
3793
3538
3794
3551
3543
3544
3545
3665
3543
3544
3558
3599
3543
3545
3599
3666
3544
3545
3560
3599
3667
3563
3668
3548
3548
3550
3551
3552
3555
3552
3556
3554
3555
3556
3556
3561
3562
3563
3677
3561
3563
3561
3562
3678
3562
3563
3681
3682
3565
3567
3566
3567
3724
3725
3570
3573
3799
3570
3572
3800
3571
3617
3621
3622
3801
3572
3573
3574
3576
3574
3579
3580
3577
3581
3585
3590
3591
3593
3577
3580
3578
3586
3580
3581
3587
3580
3581
3588
3583
3588
3584
3585
3586
3586
3588
3633
3634
3636
3587
3588
3593
3594
3595
3593
3595
3593
3594
3634
3594
3595
3635
3637
3598
3600
3813
3598
3601
3814
3599
3662
3666
3667
3815
3600
3601
3602
3603
3602
3607
3608
3605
3608
3605
3609
3613
3678
3679
3681
3606
3614
3608
3609
3615
3608
3609
3616
3612
3614
3612
3616
3613
3710
3711
3714
3614
3616
3715
3716
3721
3615
3616
3619
3621
3806
3619
3620
3807
3623
3808
3622
3623
3622
3623
3625
3627
3817
3626
3818
3627
3628
3630
3630
3631
3630
3631
3644
3645
3636
3637
3638
3636
3638
3636
3637
3637
3638
3641
3642
3643
3641
3642
3648
3649
3646
3645
3646
3645
3646
3649
3650
3652
3649
3650
3653
3653
3653
3655
3657
3656
3657
3660
3661
3659
3661
3828
3660
3829
3661
3664
3667
3823
3664
3668
3824
3665
3825
3667
3668
3667
3668
3670
3672
3832
3671
3833
3672
3673
3675
3675
3676
3675
3676
3689
3690
3681
3682
3683
3681
3682
3681
3683
3716
3682
3683
3717
3718
3686
3687
3688
3686
3687
3722
3691
3723
3690
3691
3690
3691
3694
3695
3698
3694
3695
3701
3699
3703
3697
3699
3698
3699
3702
3703
3706
3702
3703
3707
3705
3707
3706
3707
3709
3712
3710
3713
3714
3712
3714
3715
3713
3719
3714
3720
3721
3719
3721
3718
3721
3718
3719
3720
3720
3721
3723
3725
3724
3725
3727
3731
4571
3728
3730
3729
3731
3730
3732
3734
3735
3732
4575
3738
4577
3737
3739
3788
3790
4584
3735
3738
3737
3739
3742
3743
4586
3745
4588
3741
3746
4595
3743
3744
3743
3744
3745
3746
3746
4597
4599
3749
3753
4610
3749
3750
3751
3751
3752
3753
3753
4604
4606
3758
3760
4621
3756
3757
3759
3758
3760
3762
3758
3764
3760
4615
3766
4617
3765
3767
3791
3793
4632
3764
3766
3765
3767
3769
3771
4626
3773
4628
3772
3774
4643
3770
3771
3773
3772
3774
3772
3774
4637
4639
3776
3780
3854
3930
3931
3777
3781
3855
3779
3856
3779
3780
3781
3781
3826
3828
3784
3861
3784
3787
3848
3787
3790
3851
3790
3792
3793
3864
3794
3865
3794
3796
3799
3882
3797
3801
3834
3835
3836
3883
3800
3884
3799
3800
3801
3801
3802
3805
3806
3804
3806
3836
3804
3807
3837
3808
3838
3806
3807
3808
3808
3811
3813
3889
3811
3814
3890
3815
3875
3877
3878
3891
3813
3814
3815
3815
3820
3822
3823
3817
3913
3818
3821
3824
3876
3821
3823
3877
3825
3879
3823
3824
3825
3825
3827
3828
3931
3829
3932
3829
3831
3832
3833
3833
3835
3840
3841
3836
3837
3838
3838
3840
3839
3840
3844
3846
3845
3846
3883
3845
3846
3847
3896
3845
3847
3883
3897
3846
3847
3883
3900
3902
3850
3850
4582
4668
4669
3852
4584
3853
4584
4671
4672
3855
3860
3922
3924
3856
3857
3859
4608
3859
3860
4644
3859
3860
4608
4645
4608
4648
3927
3928
4649
3863
3863
4630
4651
4653
3865
3866
4632
3867
3867
4632
4680
4682
3872
3873
3878
3891
3872
3873
3874
3915
3872
3874
3891
3916
3873
3874
3880
3891
3919
3881
3921
3876
3877
3879
3880
3878
3879
3881
3881
3881
3883
3888
3884
3885
3886
3886
3888
3897
3898
3900
4697
3887
4699
3888
4700
4703
3891
3893
3891
3895
3892
3893
3895
3916
3917
3919
4712
3894
4713
3895
4714
4717
3900
3901
3902
3900
3902
3900
3901
4706
3901
3902
4707
4709
3905
3906
3908
3905
3906
4740
4741
3909
3909
3910
3911
3909
3910
3914
3913
3914
3913
3914
3919
3920
3921
3919
3921
3919
3920
4749
3920
3921
4750
4753
3924
3925
3930
3924
3925
3926
3928
3933
3928
3929
3928
3929
4782
4784
3931
3933
3932
3933
3935
3937
3943
3936
3940
3937
3941
3944
3939
3940
4505
3941
4506
3941
3944
3944
4398
4402
4403
3947
3948
3991
4399
4401
3949
3992
4402
4404
3949
3950
3993
3951
3994
3951
3952
3995
3953
3996
3953
3954
3997
3955
3998
3955
3956
3999
3957
4000
3957
3958
4001
3959
4002
3959
3960
4003
3961
4004
3961
3962
4005
3963
4006
3963
3964
4007
3965
4008
3965
3966
4009
3967
4010
3967
4011
4420
4422
3968
4012
4425
4420
4425
4700
4701
4702
4703
4405
4424
4561
4562
4563
4409
4430
4434
4435
4453
4454
4455
3972
3973
4016
4431
4433
3974
4017
4434
4436
3974
3975
4018
3976
4019
3976
3977
4020
3978
4021
3978
3979
4022
3980
4023
3980
3981
4024
3982
4025
3982
3983
4026
3984
4027
3984
3985
4028
3986
4029
3986
3987
4030
3988
4031
3988
4032
4508
4033
4509
3990
3991
4034
4400
4401
3992
4035
4403
4404
3992
3993
4036
3994
4037
3994
3995
4038
3996
4039
3996
3997
4040
3998
4041
3998
3999
4042
4000
4043
4000
4001
4044
4002
4045
4002
4003
4046
4004
4047
4004
4005
4048
4006
4049
4006
4007
4050
4008
4051
4008
4009
4052
4010
4053
4010
4011
4054
4012
4055
4012
4056
4567
4569
4013
4057
4571
4574
4575
4425
4567
4571
4572
4574
4410
4572
4578
4582
4585
4668
4435
4583
4589
4593
4594
4596
4017
4018
4062
4590
4592
4019
4063
4594
4595
4598
4599
4019
4020
4064
4021
4065
4021
4022
4066
4023
4067
4023
4024
4068
4025
4069
4025
4026
4070
4027
4071
4027
4028
4072
4029
4073
4029
4030
4074
4031
4075
4031
4032
4076
4033
4077
4033
4078
4510
4079
4511
4035
4036
4080
4037
4081
4037
4038
4082
4039
4083
4039
4040
4084
4041
4085
4041
4042
4086
4043
4087
4043
4044
4088
4045
4089
4045
4046
4090
4047
4091
4047
4048
4092
4049
4093
4049
4050
4094
4051
4095
4051
4052
4096
4053
4097
4053
4054
4098
4055
4099
4055
4056
4100
4057
4101
4057
4058
4102
4059
4103
4059
4104
4569
4570
4105
4574
4575
4576
4577
4061
4062
4106
4591
4592
4063
4107
4596
4597
4598
4599
4063
4064
4108
4065
4109
4065
4066
4110
4067
4111
4067
4068
4112
4069
4113
4069
4070
4114
4071
4115
4071
4072
4116
4073
4117
4073
4074
4118
4075
4119
4075
4076
4120
4077
4121
4077
4078
4122
4079
4123
4079
4124
4512
4125
4513
4081
4082
4126
4083
4127
4083
4084
4128
4085
4129
4085
4086
4130
4087
4131
4087
4088
4132
4089
4133
4089
4090
4134
4091
4135
4091
4092
4136
4093
4137
4093
4094
4138
4095
4139
4095
4096
4140
4097
4141
4097
4098
4142
4099
4143
4099
4100
4144
4101
4145
4101
4102
4146
4103
4147
4103
4104
4148
4105
4149
4105
4150
4151
4107
4108
4152
4109
4153
4109
4110
4154
4111
4155
4111
4112
4156
4113
4157
4113
4114
4158
4115
4159
4115
4116
4160
4117
4161
4117
4118
4162
4119
4163
4119
4120
4164
4121
4165
4121
4122
4166
4123
4167
4123
4124
4168
4125
4169
4125
4170
4514
4171
4515
4127
4128
4172
4129
4173
4129
4130
4174
4131
4175
4131
4132
4176
4133
4177
4133
4134
4178
4135
4179
4135
4136
4180
4137
4181
4137
4138
4182
4139
4183
4139
4140
4184
4141
4185
4141
4142
4186
4143
4187
4143
4144
4188
4145
4189
4145
4146
4190
4147
4191
4147
4148
4192
4149
4193
4149
4150
4194
4151
4195
4151
4196
4197
4153
4154
4198
4155
4199
4155
4156
4200
4157
4201
4157
4158
4202
4159
4203
4159
4160
4204
4161
4205
4161
4162
4206
4163
4207
4163
4164
4208
4165
4209
4165
4166
4210
4167
4211
4167
4168
4212
4169
4213
4169
4170
4214
4171
4215
4171
4216
4516
4217
4517
4173
4174
4218
4175
4219
4175
4176
4220
4177
4221
4177
4178
4222
4179
4223
4179
4180
4224
4181
4225
4181
4182
4226
4183
4227
4183
4184
4228
4185
4229
4185
4186
4230
4187
4231
4187
4188
4232
4189
4233
4189
4190
4234
4191
4235
4191
4192
4236
4193
4237
4193
4194
4238
4195
4239
4195
4196
4240
4197
4241
4197
4242
4243
4199
4200
4244
4201
4245
4201
4202
4246
4203
4247
4203
4204
4248
4205
4249
4205
4206
4250
4207
4251
4207
4208
4252
4209
4253
4209
4210
4254
4211
4255
4211
4212
4256
4213
4257
4213
4214
4258
4215
4259
4215
4216
4260
4217
4261
4217
4262
4518
4263
4519
4219
4220
4264
4221
4265
4221
4222
4266
4223
4267
4223
4224
4268
4225
4269
4225
4226
4270
4227
4271
4227
4228
4272
4229
4273
4229
4230
4274
4231
4275
4231
4232
4276
4233
4277
4233
4234
4278
4235
4279
4235
4236
4280
4237
4281
4237
4238
4282
4239
4283
4239
4240
4284
4241
4285
4241
4242
4286
4243
4287
4243
4288
4289
4245
4246
4290
4247
4291
4247
4248
4292
4249
4293
4249
4250
4294
4251
4295
4251
4252
4296
4253
4297
4253
4254
4298
4255
4299
4255
4256
4300
4257
4301
4257
4258
4302
4259
4303
4259
4260
4304
4261
4305
4261
4262
4306
4263
4307
4263
4308
4520
4309
4521
4265
4266
4600
4601
4267
4310
4604
4605
4606
4267
4268
4311
4269
4312
4269
4270
4313
4271
4314
4271
4272
4315
4273
4316
4273
4274
4317
4275
4318
4275
4276
4319
4277
4320
4277
4278
4321
4279
4322
4279
4280
4323
4281
4324
4281
4282
4325
4283
4326
4283
4284
4327
4285
4328
4285
4286
4329
4287
4330
4287
4288
4331
4289
4332
4289
4611
4612
4333
4615
4616
4617
4291
4292
4633
4634
4293
4335
4637
4638
4639
4293
4294
4336
4295
4337
4295
4296
4338
4297
4339
4297
4298
4340
4299
4341
4299
4300
4342
4301
4343
4301
4302
4344
4303
4345
4303
4304
4346
4305
4347
4305
4306
4348
4307
4349
4307
4308
4350
4309
4351
4309
4352
4522
4353
4523
4600
4604
4605
4607
4312
4313
4355
4601
4603
4314
4356
4605
4606
4609
4610
4314
4315
4357
4316
4358
4316
4317
4359
4318
4360
4318
4319
4361
4320
4362
4320
4321
4363
4322
4364
4322
4323
4365
4324
4366
4324
4325
4367
4326
4368
4326
4327
4369
4328
4370
4328
4329
4371
4330
4372
4330
4331
4373
4332
4374
4332
4375
4611
4613
4333
4376
4615
4618
4619
4611
4615
4616
4618
4616
4622
4626
4629
4627
4633
4637
4638
4640
4337
4338
4380
4634
4636
4339
4381
4638
4639
4642
4643
4339
4340
4382
4341
4383
4341
4342
4384
4343
4385
4343
4344
4386
4345
4387
4345
4346
4388
4347
4389
4347
4348
4390
4349
4391
4349
4350
4392
4351
4393
4351
4352
4394
4353
4395
4353
4396
4524
4397
4525
4412
4607
4645
4646
4647
4356
4357
4413
4414
4358
4415
4416
4358
4359
4360
4360
4361
4362
4362
4363
4364
4364
4365
4366
4366
4367
4368
4368
4369
4370
4370
4371
4372
4372
4373
4374
4374
4375
4376
4376
4462
4464
4377
4438
4437
4438
4462
4618
4437
4440
4629
4651
4652
4417
4444
4445
4466
4640
4680
4681
4682
4381
4382
4467
4469
4383
4444
4446
4383
4384
4385
4385
4386
4387
4387
4388
4389
4389
4390
4391
4391
4392
4393
4393
4394
4395
4395
4396
4397
4397
4526
4527
4399
4400
4401
4402
4401
4403
4404
4404
4404
4421
4655
4656
4657
4409
4430
4450
4451
4484
4485
4486
4487
4410
4423
4578
4661
4662
4411
4432
4579
4664
4665
4453
4454
4492
4493
4494
4495
4426
4667
4668
4435
4583
4670
4671
4602
4674
4675
4676
4414
4415
4603
4673
4675
4677
4679
4416
4470
4471
4472
4473
4416
4609
4644
4646
4648
4650
4474
4475
4476
4477
4441
4631
4680
4681
4439
4442
4684
4685
4686
4443
4445
4459
4460
4500
4501
4502
4503
4422
4693
4694
4695
4696
4424
4655
4657
4658
4690
4691
4694
4423
4425
4567
4426
4568
4661
4662
4663
4691
4692
4693
4695
4561
4563
4564
4697
4698
4701
4426
4572
4667
4668
4669
4698
4699
4700
4702
4697
4705
4706
4707
4429
4448
4560
4563
4564
4565
4667
4698
4669
4699
4704
4706
4708
4709
4431
4432
4450
4451
4452
4433
4434
4433
4435
4589
4664
4665
4666
4436
4590
4436
4436
4670
4671
4672
4594
4463
4620
4651
4652
4653
4711
4713
4714
4716
4464
4714
4715
4716
4717
4465
4684
4685
4687
4711
4712
4715
4463
4624
4718
4719
4466
4625
4721
4722
4465
4478
4479
4684
4686
4688
4468
4481
4482
4785
4786
4787
4788
4446
4467
4642
4446
4459
4460
4461
4468
4469
4690
4725
4726
4727
4449
4654
4657
4658
4659
4661
4691
4663
4692
4724
4726
4728
4729
4452
4488
4489
4490
4491
4452
4454
4664
4735
4736
4737
4738
4666
4731
4732
4733
4734
4455
4496
4497
4498
4499
4455
4670
4743
4744
4745
4746
4672
4739
4740
4741
4742
4458
4478
4652
4683
4684
4687
4688
4711
4712
4748
4749
4750
4653
4713
4747
4749
4751
4753
4461
4481
4681
4758
4759
4760
4761
4461
4504
4505
4506
4507
4682
4754
4755
4756
4757
4463
4464
4613
4614
4718
4719
4720
4762
4765
4766
4768
4764
4765
4767
4768
4762
4763
4764
4467
4468
4635
4721
4722
4723
4469
4636
4469
4481
4482
4483
4472
4473
4673
4773
4774
4775
4776
4472
4473
4475
4542
4543
4544
4545
4476
4679
4769
4770
4771
4772
4550
4551
4552
4553
4476
4477
4644
4781
4782
4783
4784
4476
4477
4546
4547
4548
4549
4650
4777
4778
4779
4780
4554
4555
4556
4557
4480
4718
4762
4480
4763
4720
4766
4483
4721
4483
4789
4790
4791
4792
4723
4486
4487
4488
4735
4486
4487
4493
4494
4738
4491
4490
4491
4731
4490
4491
4733
4494
4495
4496
4743
4494
4495
4745
4499
4498
4499
4739
4498
4499
4741
4502
4503
4504
4758
4502
4503
4785
4760
4786
4507
4506
4507
4754
4506
4507
4757
4509
4510
4793
4511
4794
4511
4512
4798
4513
4799
4513
4514
4558
4515
4559
4515
4516
4528
4517
4529
4517
4518
4530
4519
4531
4519
4520
4532
4521
4533
4521
4522
4534
4523
4535
4523
4524
4536
4525
4537
4525
4526
4538
4527
4539
4527
4540
4541
4529
4530
4558
4806
4531
4559
4807
4531
4532
4809
4533
4810
4533
4534
4813
4535
4814
4535
4536
4817
4537
4818
4537
4538
4821
4539
4822
4539
4540
4825
4541
4826
4541
4828
4829
4544
4545
4550
4769
4544
4545
4547
4549
4772
4553
4548
4549
4554
4777
4548
4549
4556
4780
4552
4553
4773
4552
4553
4776
4556
4557
4781
4556
4557
4784
4559
4798
4803
4799
4804
5023
4564
4565
4566
4704
4564
4566
4705
4565
4566
4656
4564
4565
4657
4708
4659
4710
4568
4569
4570
4572
4578
4570
4574
4576
4580
4573
4575
4573
4576
4577
4582
4575
4576
4577
4577
4585
4586
4580
4662
4581
4583
4589
4665
4585
4587
4591
4586
4584
4587
4671
4588
4593
4586
4588
4596
4597
4590
4591
4592
4594
4592
4596
4598
4595
4597
4595
4598
4599
4597
4598
4599
4599
4601
4602
4603
4605
4603
4607
4674
4675
4677
4609
4606
4608
4606
4609
4610
4608
4609
4645
4646
4648
4610
4610
4612
4613
4614
4616
4622
4614
4618
4620
4624
4617
4619
4617
4620
4621
4626
4619
4620
4621
4621
4629
4630
4624
4625
4627
4633
4629
4719
4631
4635
4722
4630
4628
4631
4632
4637
4630
4651
4632
4640
4680
4641
4634
4635
4636
4638
4636
4640
4642
4639
4641
4639
4642
4643
4641
4642
4643
4643
4648
4649
4650
4648
4649
4648
4650
4675
4649
4650
4676
4778
4779
4782
4783
4679
4653
4653
4718
4658
4659
4660
4724
4658
4660
4725
4659
4660
4658
4659
4728
4730
4663
4667
4663
4666
4670
4666
4669
4669
4672
4672
4677
4678
4679
4677
4678
4677
4679
4678
4679
4770
4771
4774
4775
4682
4682
4721
4687
4688
4689
4747
4687
4688
4687
4689
4748
4688
4689
4751
4752
4692
4696
4725
4726
4728
4692
4695
4698
4693
4695
4696
4695
4696
4701
4702
4699
4703
4705
4706
4708
4699
4702
4700
4702
4703
4702
4703
4708
4709
4710
4708
4710
4708
4709
4709
4710
4713
4716
4762
4713
4717
4748
4749
4751
4714
4716
4717
4716
4717
4764
4765
4720
4720
4723
4723
4728
4729
4730
4728
4730
4728
4729
4729
4730
4733
4734
4735
4733
4734
4737
4737
4738
4737
4738
4744
4745
4741
4742
4743
4741
4742
4746
4745
4746
4745
4746
4751
4752
4753
4751
4752
4751
4753
4752
4753
4756
4757
4758
4756
4757
4761
4760
4761
4760
4761
4765
4766
4766
4767
4765
4767
4768
4768
4768
4771
4772
4773
4771
4772
4778
4775
4780
4775
4776
4775
4776
4779
4780
4781
4779
4780
4783
4783
4784
4783
4784
4786
4787
4788
4788
4790
4791
4790
4792
4791
4792
4794
4795
4798
4796
4799
5019
4796
4800
4831
4832
4797
4801
4833
5020
5048
5049
4831
4833
5048
4799
4800
4801
5021
4801
4803
4837
4838
4802
4804
4839
4840
4841
5022
4833
4837
4839
4840
4804
4806
4805
4807
4842
4843
4844
5024
4840
4842
4843
4807
4809
4808
4810
4845
4846
4847
5025
4843
4845
4846
4810
4811
4813
4812
4814
4848
4849
4850
5026
4812
4815
4849
4846
4848
4849
4814
4815
4817
4816
4818
4851
4852
4853
5027
4816
4819
4852
4849
4851
4852
4818
4819
4821
4820
4822
4854
4855
4856
5029
4820
4823
4855
4852
4854
4855
4822
4823
4825
4824
4826
4857
4858
4859
5031
4824
4858
4860
4855
4857
4858
4826
4828
4860
4861
4827
4829
4862
4863
4864
5033
4858
4860
4862
4863
4829
4834
4835
4830
4836
5035
5051
5052
4834
4836
4863
5051
4832
4833
4837
5049
4835
4861
4836
5052
4838
4840
4841
5044
5049
4841
4842
5053
4844
5045
4844
4845
5054
4847
5046
4847
4848
5055
4850
5047
4850
4851
5038
4853
5028
4853
4854
5039
4856
5030
4856
4857
5040
4859
5032
4859
4862
5041
4861
4863
4864
5034
4864
5042
5051
4866
4870
4875
4946
4867
4871
4876
4868
4872
4877
4869
4873
4878
4874
4879
6763
4871
4880
4947
4872
4881
4873
4882
4874
4883
4884
6765
4876
4880
4885
4949
4877
4881
4886
4878
4882
4887
4879
4883
4888
4884
4889
6767
4881
4890
4950
4882
4891
4883
4892
4884
4893
4894
6769
4886
4890
4895
4952
4887
4891
4896
4888
4892
4897
4889
4893
4898
4894
4899
6771
4891
4900
4953
4892
4901
4893
4902
4894
4903
4904
6773
4896
4900
4897
4901
4898
4902
4905
4899
4903
4906
4904
6775
6779
4901
4907
4955
4902
4908
4903
4909
4904
4910
4911
6777
4906
4909
4910
6779
4908
4912
4957
4909
4913
4910
4914
4911
4915
6779
6782
6787
4913
4916
4959
4914
4917
4915
4918
4919
6787
4917
4920
4922
4961
4918
4921
4923
4919
4924
4925
6791
4921
4926
4989
4991
4927
4923
4926
4930
4963
4924
4927
4931
4925
4928
4932
4929
4933
6794
4927
4934
4992
4994
4928
4935
4929
4936
4937
4931
4934
4938
4965
4932
4935
4939
4933
4936
4940
4937
4941
6797
4935
4942
4995
4997
4936
4943
4937
4944
4945
6800
4939
4942
4967
4940
4943
4941
4944
4945
6802
4943
5000
5002
4944
4945
6805
4947
4949
5019
4948
4950
4971
4972
4973
5020
4969
4971
4972
4950
4952
5021
4951
4953
4974
4975
4976
5022
4972
4974
4975
5003
4953
5023
4954
4955
4977
4978
4979
5024
4975
4977
4978
5005
4956
4957
4980
4981
4982
5025
4978
4980
4981
5007
4958
4959
4983
4984
4985
5026
4981
4983
4984
5009
4960
4961
4986
4987
4988
5027
4984
4986
4987
5011
4962
4963
4989
4990
4991
5029
4987
4989
4990
5013
4964
4965
4992
4993
4994
5031
4990
4992
4993
5015
4966
4967
4995
4996
4997
5033
4993
4995
4996
5017
4968
5000
5001
5002
5035
4996
4998
5000
5001
4970
5020
5043
4972
5003
5020
5050
4973
4973
4974
4976
4976
5004
4977
4979
4979
5006
4980
4982
4982
5008
4983
4985
4985
5010
4986
4988
4988
5012
4989
4991
4991
5014
4992
4994
4994
5016
4995
4997
4997
5018
5000
4999
5018
5035
5036
5001
5035
5037
5002
5002
5004
5022
5044
5005
5022
5053
5006
5024
5045
5007
5024
5054
5008
5025
5046
5009
5025
5055
5010
5026
5047
5011
5026
5038
5012
5027
5028
5013
5027
5039
5014
5029
5030
5015
5029
5040
5016
5031
5032
5017
5031
5041
5018
5033
5034
5033
5042
5020
5021
5022
5043
5050
5022
5023
5024
5044
5053
5024
5025
5045
5054
5026
5046
5055
5027
5038
5047
5028
5029
5039
5038
5039
5030
5031
5040
5039
5040
5032
5033
5041
5040
5041
5034
5035
5042
5041
5042
5036
5037
5037
5042
5051
5052
5047
5048
5050
5050
5053
5053
5054
5054
5055
5055
5049
5050
5052
5748
5752
5753
5755
5752
5759
5760
5762
5059
5061
5127
5749
5751
5060
5062
5128
5753
5754
5757
5758
5063
5129
5760
5761
5764
5765
5062
5064
5130
5063
5065
5131
5066
5132
5065
5067
5133
5066
5068
5134
5069
5135
5068
5070
5136
5069
5071
5137
5072
5138
5071
5073
5139
5072
5074
5140
5075
5141
5074
5076
5142
5075
5077
5143
5078
5144
5077
5079
5145
5078
5080
5146
5081
5147
5080
5082
5148
5081
5083
5149
5084
5150
5083
5085
5151
5084
5086
5152
5087
5153
5086
5088
5154
5087
5089
5155
5090
5156
5089
5157
5821
5823
5090
5091
5158
5825
5828
5829
5092
5159
5832
5835
5836
5821
5825
5828
6495
6496
6497
6498
5825
5832
5835
6509
6510
6511
6512
5832
5840
6521
6522
5766
5826
6158
6159
6160
5770
5833
6165
6166
6167
5777
5839
6172
6173
6174
5771
5849
5853
5854
5856
5918
5919
5920
5778
5853
5860
5861
5863
5927
5928
5929
5784
5860
5867
5868
5933
5101
5103
5169
5850
5852
5102
5104
5170
5854
5855
5858
5859
5105
5171
5861
5862
5865
5866
5104
5106
5172
5105
5107
5173
5108
5174
5107
5109
5175
5108
5110
5176
5111
5177
5110
5112
5178
5111
5113
5179
5114
5180
5113
5115
5181
5114
5116
5182
5117
5183
5116
5184
5117
5118
5185
5119
5186
5119
5120
5188
5121
5189
5121
5122
5190
5123
5191
5123
5192
6084
5193
6085
5125
5127
5194
5750
5751
5126
5128
5195
5755
5756
5757
5758
5129
5196
5762
5763
5764
5765
5128
5130
5197
5129
5131
5198
5132
5199
5131
5133
5200
5132
5134
5201
5135
5202
5134
5136
5203
5135
5137
5204
5138
5205
5137
5139
5206
5138
5140
5207
5141
5208
5140
5142
5209
5141
5143
5210
5144
5211
5143
5145
5212
5144
5146
5213
5147
5214
5146
5148
5215
5147
5149
5216
5150
5217
5149
5151
5218
5150
5152
5219
5153
5220
5152
5154
5221
5153
5155
5222
5156
5223
5155
5157
5224
5156
5158
5225
5159
5226
5158
5227
6178
6180
5159
5160
5228
6182
6185
6186
5161
5229
6189
6192
6193
5828
6178
6182
6183
6185
5835
6182
6189
6190
6192
5840
6189
6196
6197
5773
6183
6199
6203
6206
6365
5780
6190
6203
6210
6213
6384
5785
6196
6210
6218
5856
6204
6220
6224
6225
6227
5863
6211
6224
6231
6232
6234
5868
6217
6231
6238
6239
5170
5172
5236
6221
6223
5171
5173
5237
6225
6226
6229
6230
5174
5238
6232
6233
6236
6237
5173
5175
5239
5174
5176
5240
5177
5241
5176
5178
5242
5177
5179
5243
5180
5244
5179
5181
5245
5180
5182
5246
5183
5247
5182
5184
5248
5183
5185
5249
5186
5250
5185
5187
5251
5186
5188
5252
5189
5253
5188
5254
5189
5190
5255
5191
5256
5191
5192
5258
5193
5259
5193
5260
6086
5261
6087
5195
5197
5262
5196
5198
5263
5199
5264
5198
5200
5265
5199
5201
5266
5202
5267
5201
5203
5268
5202
5204
5269
5205
5270
5204
5206
5271
5205
5207
5272
5208
5273
5207
5209
5274
5208
5210
5275
5211
5276
5210
5212
5277
5211
5213
5278
5214
5279
5213
5215
5280
5214
5216
5281
5217
5282
5216
5218
5283
5217
5219
5284
5220
5285
5219
5221
5286
5220
5222
5287
5223
5288
5222
5224
5289
5223
5225
5290
5226
5291
5225
5227
5292
5226
5228
5293
5229
5294
5228
5230
5295
5229
5231
5296
5232
5297
5231
5298
6180
6181
5232
5299
6185
6186
6187
6188
5300
6192
6193
6194
6195
5234
5236
5301
6222
6223
5235
5237
5302
6227
6228
6229
6230
5238
5303
6234
6235
6236
6237
5237
5239
5304
5238
5240
5305
5241
5306
5240
5242
5307
5241
5243
5308
5244
5309
5243
5245
5310
5244
5246
5311
5247
5312
5246
5248
5313
5247
5249
5314
5250
5315
5249
5251
5316
5250
5252
5317
5253
5318
5252
5254
5319
5253
5255
5320
5256
5321
5255
5257
5322
5256
5258
5323
5259
5324
5258
5325
5259
5260
5326
5261
5327
5261
5329
6088
5330
6089
5263
5265
5331
5264
5266
5332
5267
5333
5266
5268
5334
5267
5269
5335
5270
5336
5269
5271
5337
5270
5272
5338
5273
5339
5272
5274
5340
5273
5275
5341
5276
5342
5275
5277
5343
5276
5278
5344
5279
5345
5278
5280
5346
5279
5281
5347
5282
5348
5281
5283
5349
5282
5284
5350
5285
5351
5284
5286
5352
5285
5287
5353
5288
5354
5287
5289
5355
5288
5290
5356
5291
5357
5290
5292
5358
5291
5293
5359
5294
5360
5293
5295
5361
5294
5296
5362
5297
5363
5296
5298
5364
5297
5299
5365
5300
5366
5299
5367
5300
5368
5369
5302
5304
5370
5303
5305
5371
5306
5372
5305
5307
5373
5306
5308
5374
5309
5375
5308
5310
5376
5309
5311
5377
5312
5378
5311
5313
5379
5312
5314
5380
5315
5381
5314
5316
5382
5315
5317
5383
5318
5384
5317
5319
5385
5318
5320
5386
5321
5387
5320
5322
5388
5321
5323
5389
5324
5390
5323
5325
5391
5324
5326
5392
5327
5393
5326
5328
5394
5327
5329
5395
5330
5396
5329
5397
5330
5398
6090
5399
6091
5332
5334
5400
5333
5335
5401
5336
5402
5335
5337
5403
5336
5338
5404
5339
5405
5338
5340
5406
5339
5341
5407
5342
5408
5341
5343
5409
5342
5344
5410
5345
5411
5344
5346
5412
5345
5347
5413
5348
5414
5347
5349
5415
5348
5350
5416
5351
5417
5350
5352
5418
5351
5353
5419
5354
5420
5353
5355
5421
5354
5356
5422
5357
5423
5356
5358
5424
5357
5359
5425
5360
5426
5359
5361
5427
5360
5362
5428
5363
5429
5362
5364
5430
5363
5365
5431
5366
5432
5365
5367
5433
5366
5368
5434
5369
5435
5368
5436
5369
5437
5438
5371
5373
5439
5372
5374
5440
5375
5441
5374
5376
5442
5375
5377
5443
5378
5444
5377
5379
5445
5378
5380
5446
5381
5447
5380
5382
5448
5381
5383
5449
5384
5450
5383
5385
5451
5384
5386
5452
5387
5453
5386
5388
5454
5387
5389
5455
5390
5456
5389
5391
5457
5390
5392
5458
5393
5459
5392
5394
5460
5393
5395
5461
5396
5462
5395
5397
5463
5396
5398
5464
5399
5465
5398
5466
6092
5399
5467
6093
5468
6094
5401
5403
5469
5402
5404
5470
5405
5471
5404
5406
5472
5405
5407
5473
5408
5474
5407
5409
5475
5408
5410
5476
5411
5477
5410
5412
5478
5411
5413
5479
5414
5480
5413
5415
5481
5414
5416
5482
5417
5483
5416
5418
5484
5417
5419
5485
5420
5486
5419
5421
5487
5420
5422
5488
5423
5489
5422
5424
5490
5423
5425
5491
5426
5492
5425
5427
5493
5426
5428
5494
5429
5495
5428
5430
5496
5429
5431
5497
5432
5498
5431
5433
5499
5432
5434
5500
5435
5501
5434
5436
5502
5435
5437
5503
5438
5504
5437
5505
5438
5506
5507
5440
5442
5508
5441
5443
5509
5444
5510
5443
5445
5511
5444
5446
5512
5447
5513
5446
5448
5514
5447
5449
5515
5450
5516
5449
5451
5517
5450
5452
5518
5453
5519
5452
5454
5520
5453
5455
5521
5456
5522
5455
5457
5523
5456
5458
5524
5459
5525
5458
5460
5526
5459
5461
5527
5462
5528
5461
5463
5529
5462
5464
5530
5465
5531
5464
5466
5532
5465
5467
5533
5468
5534
5467
5535
6095
5468
5536
6096
5537
6097
5470
5472
5538
5471
5473
5539
5474
5540
5473
5475
5541
5474
5476
5542
5477
5543
5476
5478
5544
5477
5479
5545
5480
5546
5479
5481
5547
5480
5482
5548
5483
5549
5482
5484
5550
5483
5485
5551
5486
5552
5485
5487
5553
5486
5488
5554
5489
5555
5488
5490
5556
5489
5491
5557
5492
5558
5491
5493
5559
5492
5494
5560
5495
5561
5494
5496
5562
5495
5497
5563
5498
5564
5497
5499
5565
5498
5500
5566
5501
5567
5500
5502
5568
5501
5503
5569
5504
5570
5503
5505
5571
5504
5506
5572
5507
5573
5506
5574
5507
5575
5576
5509
5511
5577
5510
5512
5578
5513
5579
5512
5514
5580
5513
5515
5581
5516
5582
5515
5517
5583
5516
5518
5584
5519
5585
5518
5520
5586
5519
5521
5587
5522
5588
5521
5523
5589
5522
5524
5590
5525
5591
5524
5526
5592
5525
5527
5593
5528
5594
5527
5529
5595
5528
5530
5596
5531
5597
5530
5532
5598
5531
5533
5599
5534
5600
5533
5535
5601
5534
5536
5602
5537
5603
5536
5604
6098
5537
5605
6099
5606
6100
5539
5541
6241
6242
5540
5542
5607
6245
6246
6247
5543
5608
6252
6253
6254
5542
5544
5609
5543
5545
5610
5546
5611
5545
5547
5612
5546
5548
5613
5549
5614
5548
5550
5615
5549
5551
5616
5552
5617
5551
5553
5618
5552
5554
5619
5555
5620
5554
5556
5621
5555
5557
5622
5558
5623
5557
5559
5624
5558
5560
5625
5561
5626
5560
5562
5627
5561
5563
5628
5564
5629
5563
5565
5630
5564
5566
5631
5567
5632
5566
5568
5633
5567
5569
5634
5570
5635
5569
5571
5636
5570
5572
5637
5573
5638
5572
5574
5639
5573
5575
5640
5576
5641
5575
6259
6260
5576
5642
6263
6264
6265
5643
6270
6271
6272
5578
5580
6299
6300
5579
5581
5647
6303
6304
6305
5582
5648
6310
6311
6312
5581
5583
5650
5582
5584
5651
5585
5652
5584
5586
5653
5585
5587
5654
5588
5655
5587
5589
5656
5588
5590
5657
5591
5658
5590
5592
5659
5591
5593
5660
5594
5661
5593
5595
5662
5594
5596
5663
5597
5664
5596
5598
5665
5597
5599
5666
5600
5667
5599
5601
5668
5600
5602
5669
5603
5670
5602
5604
5671
5603
5605
5672
5606
5673
5605
5674
6101
5606
5675
6102
5676
6103
6241
6245
6246
6248
6245
6252
6253
6255
5610
5612
5680
6242
6244
5611
5613
5681
6246
6247
6250
6251
5614
5682
6253
6254
6257
6258
5613
5615
5683
5614
5616
5684
5617
5685
5616
5618
5686
5617
5619
5687
5620
5688
5619
5621
5689
5620
5622
5690
5623
5691
5622
5624
5692
5623
5625
5693
5626
5694
5625
5627
5695
5626
5628
5696
5629
5697
5628
5630
5698
5629
5631
5699
5632
5700
5631
5633
5701
5632
5634
5702
5635
5703
5634
5636
5704
5635
5637
5705
5638
5706
5637
5639
5707
5638
5640
5708
5641
5709
5640
5710
6259
6261
5641
5642
5711
6263
6266
6267
5643
5712
6270
6273
6274
6259
6263
6264
6266
6263
6270
6271
6273
6264
6278
6282
6285
6271
6282
6289
6292
6277
6289
6297
6283
6299
6303
6304
6306
6290
6303
6310
6311
6313
6296
6310
6317
6318
5651
5653
5721
6300
6302
5652
5654
5722
6304
6305
6308
6309
5655
5723
6311
6312
6315
6316
5654
5656
5724
5655
5657
5725
5658
5726
5657
5659
5727
5658
5660
5728
5661
5729
5660
5662
5730
5661
5663
5731
5664
5732
5663
5665
5733
5664
5666
5734
5667
5735
5666
5668
5736
5667
5669
5737
5670
5738
5669
5671
5739
5670
5672
5740
5673
5741
5672
5674
5742
5673
5675
5743
5676
5744
5675
5745
6104
5676
5746
6105
5747
6106
5787
6248
6321
6322
6323
5790
6255
6328
6329
6330
5795
6334
6335
5681
5683
5788
5789
5682
5684
5791
5792
5793
5794
5685
5796
5797
5798
5799
5684
5686
5685
5687
5688
5687
5689
5688
5690
5691
5690
5692
5691
5693
5694
5693
5695
5694
5696
5697
5696
5698
5697
5699
5700
5699
5701
5700
5702
5703
5702
5704
5703
5705
5706
5705
5707
5706
5708
5709
5708
5710
5709
5711
5712
5711
5870
5872
5712
5713
5874
5877
5878
5714
5881
5884
5885
5870
5874
5875
5877
6266
5874
5881
5882
5884
6273
5800
5875
6285
6337
6338
5804
5882
6292
6340
6341
5811
6297
6343
5805
5889
5893
5894
5896
6306
6434
6435
6436
5812
5893
5900
5901
5903
6313
6457
6458
6459
5818
5900
5907
6318
6477
5722
5724
5890
5892
5723
5725
5894
5895
5898
5899
5726
5901
5902
5905
5906
5725
5727
5726
5728
5729
5728
5730
5729
5731
5732
5731
5733
5732
5734
5735
5734
5736
5735
5737
5738
5737
5739
5738
5740
5741
5740
5742
5741
5743
5744
5743
5745
5744
5746
5747
5746
6107
5747
6108
6109
5749
5750
5751
5753
5751
5755
5757
5754
5756
5754
5757
5758
5760
5756
5757
5758
5762
5758
5764
5761
5763
5761
5764
5765
5763
5764
5765
5765
5822
6345
6346
6347
5771
5849
5912
5913
6004
6005
6006
6007
5773
5824
6199
6351
6352
5775
5851
6200
6354
6355
5827
6358
6359
6360
5918
5919
6012
6013
6014
6015
5778
5853
5921
5922
6020
6021
6022
6023
5830
6364
6365
5780
5831
6203
6367
6368
5856
6204
6370
6371
5782
5857
6205
6373
6374
5834
6377
6378
6379
5927
5928
6028
6029
6030
6031
5784
5860
5930
5931
6036
6037
6038
6039
5837
6383
6384
5785
5838
6210
6386
6387
5863
6211
6389
6390
5786
5864
6212
6392
6393
5933
6044
6045
6046
6047
5841
6395
5868
6217
6396
6243
6398
6399
6400
5789
5791
6244
6397
6399
6401
6403
5793
5934
5935
5936
5937
6249
6405
6406
6407
5792
5793
6250
6320
6322
6324
6326
5794
5796
6251
6404
6406
6408
6410
5794
5938
5939
5940
5941
5798
5942
5943
5944
5945
6256
6412
6413
6414
5797
5798
6257
6327
6329
6331
6333
5799
6258
6411
6413
6415
6417
5799
5946
5947
5948
5949
5950
5951
5952
5953
5871
6280
6418
6419
5805
5889
6281
6421
6422
5807
5873
6425
6426
6427
5809
5891
5959
5960
6126
6127
6128
6129
5876
6286
6431
6432
6287
6434
6435
5812
5893
6288
6437
6438
5879
6441
6442
6443
5814
5880
6448
6449
6450
5896
5968
5969
6130
6131
6132
6133
5816
5897
5971
5972
6138
6139
6140
6141
5883
6293
6454
6455
6294
6457
6458
5818
5900
6295
6460
6461
5886
6464
6465
6466
5819
5887
6471
6472
6473
5903
5980
5981
6064
6065
6066
6067
5820
5904
5983
5984
6072
6073
6074
6075
6298
6477
5888
6479
6480
6481
5987
6080
6081
6082
6083
5823
6488
6489
6490
6491
5826
6345
6347
6348
6485
6486
6489
5824
5828
6178
5830
6179
6351
6352
6353
6486
6487
6488
6490
5829
6502
6503
6504
6505
6158
6160
6161
6492
6493
6496
5833
6358
6360
6361
6499
6500
6503
5829
5830
5831
5835
6182
5831
6183
6364
6365
6366
6493
6494
6495
6497
5837
6184
6367
6368
6369
6500
6501
6502
6504
5836
6516
6517
6518
6519
6165
6167
6168
6506
6507
6510
5839
6377
6379
6380
6513
6514
6517
5836
5837
5838
5840
6189
5838
6190
6383
6384
6385
6507
6508
6509
6511
5841
6191
6386
6387
6388
6514
6515
6516
6518
6172
6174
6175
6520
6521
5841
6196
6395
6520
6522
5915
6492
6524
6525
6526
5844
5910
6157
6160
6161
6162
6364
6493
5917
6366
6494
6523
6525
6527
6528
5924
6506
6531
6532
6533
5847
5916
6164
6167
6168
6169
6383
6507
5926
6385
6508
6530
6532
6534
6535
5925
6171
6174
6175
6176
6395
6520
5850
5851
5912
5913
5914
5852
5854
5852
5856
6220
6354
6355
6356
5858
6221
5855
5857
5921
5922
5923
5855
5858
5859
5861
5857
5858
6370
6371
6372
5859
5863
6224
6373
6374
6375
5859
6225
5865
6226
5862
5864
5930
5931
5932
5862
5865
5866
5867
5864
5865
6389
6390
6391
5866
5868
6231
6392
6393
6394
5866
6232
5869
6233
5869
5869
6396
6238
5871
5872
6261
5875
6262
6418
6419
6420
6537
6539
6540
6542
5877
6540
6541
6542
6543
5879
6425
6426
6428
6537
6538
6541
5876
5878
6267
5876
6268
6337
6338
6339
6544
6546
6547
6549
5882
6269
6431
6432
6433
6551
6553
6554
6556
5878
6547
6548
6549
6550
5884
6554
6555
6556
6557
6441
6442
6444
6544
6545
6548
5886
6448
6449
6451
6551
6552
6555
5883
5885
6274
5883
6275
6340
6341
6342
6558
6560
6561
6563
6276
6454
6455
6456
6565
6567
6568
6570
5885
6561
6562
6563
6564
6568
6569
6570
6571
6464
6465
6467
6558
6559
6562
5888
6471
6472
6474
6565
6566
6569
6479
6480
6482
6572
6573
5890
5891
6301
6421
6422
6423
5892
5894
6302
5892
5896
5959
5960
5961
5898
5895
5897
6307
6437
6438
6439
5895
5898
6308
5899
5901
6309
5897
5898
5968
5969
5970
5899
5903
5971
5972
5973
5899
5905
5902
5904
6314
6460
6461
6462
5902
5905
6315
5906
5907
6316
5904
5905
5980
5981
5982
5906
5983
5984
5985
5906
5908
5908
6319
6485
6576
6577
6578
5911
6344
6347
6348
6349
6351
6486
6353
6487
6575
6577
6579
6580
5914
6008
6009
6010
6011
5914
5919
6354
6586
6587
6588
6589
6356
6582
6583
6584
6585
6499
6591
6592
6593
5917
6357
6360
6361
6362
6367
6500
6369
6501
6590
6592
6594
6595
5920
5921
6016
6017
6018
6019
5920
6370
6601
6602
6603
6604
5923
6372
6597
6598
6599
6600
5923
6024
6025
6026
6027
5923
5928
6373
6609
6610
6611
6612
6375
6605
6606
6607
6608
6513
6614
6615
6616
5926
6376
6379
6380
6381
6386
6514
6388
6515
6613
6615
6617
6618
5929
5930
6032
6033
6034
6035
5929
6389
6624
6625
6626
6627
5932
6391
6620
6621
6622
6623
5932
6040
6041
6042
6043
5932
5933
6392
6632
6633
6634
6635
6394
6628
6629
6630
6631
6396
6636
6637
6638
6639
5936
5937
6397
6644
6645
6646
6647
5936
5937
5939
5988
5989
5990
5991
5940
6403
6640
6641
6642
6643
6048
6049
6050
6051
5940
5941
5942
6320
6652
6653
6654
6655
5940
5941
5992
5993
5994
5995
6326
6648
6649
6650
6651
5945
6052
6053
6054
6055
5944
5945
6404
6660
6661
6662
6663
5944
5945
5947
5996
5997
5998
5999
5948
6410
6656
6657
6658
6659
6056
6057
6058
6059
5948
5949
5950
6327
6668
6669
6670
6671
5948
5949
6000
6001
6002
6003
6333
6664
6665
6666
6667
5953
6118
6119
6120
6121
5952
5953
6411
6676
6677
6678
6679
5952
5953
5954
6110
6111
6112
6113
5955
6417
6672
6673
6674
6675
6122
6123
6124
6125
5955
6114
6115
6116
6117
6336
6680
6681
6682
6683
5958
5962
6419
6424
6425
6428
6429
6537
6538
6685
6686
6687
6420
6539
6684
6686
6688
6689
5961
5968
6422
6695
6696
6697
6698
5961
6060
6061
6062
6063
6423
6691
6692
6693
6694
5964
6338
6440
6441
6444
6446
6544
5966
6545
6700
6701
6702
5967
6339
6546
6699
6701
6703
6705
5967
5974
6432
6447
6448
6451
6452
6551
6552
6707
6708
6709
6433
6553
6706
6708
6710
6711
5970
6435
6717
6718
6719
6720
5970
5972
6134
6135
6136
6137
5973
6436
6713
6714
6715
6716
5973
5980
6438
6725
6726
6727
6728
5973
6142
6143
6144
6145
6439
6721
6722
6723
6724
5976
6341
6463
6464
6467
6469
6558
5978
6559
6730
6731
6732
5979
6342
6560
6729
6731
6733
6735
5979
5986
6455
6470
6471
6474
6475
6565
6566
6737
6738
6739
6456
6567
6736
6738
6740
6741
5982
6458
6747
6748
6749
6750
5982
5984
6068
6069
6070
6071
5985
6459
6743
6744
6745
6746
5985
5987
6461
6755
6756
6757
6758
5985
6076
6077
6078
6079
6462
6751
6752
6753
6754
6343
6478
6479
6482
6484
6572
6477
6759
6760
6761
6762
5990
5991
6048
6640
5990
5991
5993
6050
5995
6643
5994
5995
6052
6648
5994
5995
6054
6651
5998
5999
6056
6656
5998
5999
6001
6058
6003
6659
6002
6003
6118
6664
6002
6003
6120
6667
6006
6007
6008
6586
6006
6007
6013
6014
6589
6011
6010
6011
6582
6010
6011
6584
6014
6015
6016
6601
6014
6015
6603
6019
6018
6019
6597
6018
6019
6025
6026
6599
6022
6023
6024
6609
6022
6023
6029
6030
6612
6027
6026
6027
6605
6026
6027
6607
6030
6031
6032
6624
6030
6031
6626
6035
6034
6035
6620
6034
6035
6041
6042
6622
6038
6039
6040
6632
6038
6039
6045
6046
6635
6043
6042
6043
6628
6042
6043
6630
6046
6047
6636
6046
6047
6638
6050
6051
6644
6050
6051
6647
6054
6055
6652
6054
6055
6057
6059
6655
6058
6059
6660
6058
6059
6663
6062
6063
6126
6691
6062
6063
6694
6129
6066
6067
6068
6747
6066
6067
6139
6140
6749
6071
6070
6071
6743
6070
6071
6077
6078
6746
6074
6075
6076
6755
6074
6075
6081
6082
6758
6079
6078
6079
6751
6078
6079
6754
6082
6083
6759
6082
6083
6761
6085
6086
6763
6087
6764
6087
6088
6767
6089
6768
6089
6090
6771
6091
6772
6091
6093
6775
6094
6776
6093
6095
6779
6094
6096
6780
6097
6781
6096
6098
6784
6097
6099
6785
6100
6786
6099
6101
6154
6100
6102
6155
6103
6790
6102
6104
6146
6103
6105
6147
6106
6156
6105
6107
6148
6106
6108
6149
6109
6150
6108
6151
6109
6152
6153
6112
6113
6122
6672
6112
6113
6115
6124
6117
6675
6116
6117
6680
6116
6117
6683
6120
6121
6668
6120
6121
6123
6125
6671
6124
6125
6676
6124
6125
6679
6128
6129
6695
6128
6129
6131
6132
6698
6132
6133
6134
6717
6132
6133
6719
6137
6136
6137
6713
6136
6137
6143
6144
6716
6140
6141
6142
6725
6140
6141
6728
6145
6144
6145
6721
6144
6145
6724
6147
6148
6154
6794
6149
6155
6156
6795
6149
6151
6797
6150
6152
6798
6153
6156
6799
6152
6802
6153
6803
6804
6155
6784
6791
6785
6790
6792
6790
6796
6161
6162
6163
6523
6161
6163
6524
6162
6163
6346
6161
6162
6347
6527
6349
6529
6168
6169
6170
6530
6168
6170
6531
6169
6170
6359
6168
6169
6360
6534
6362
6536
6175
6176
6177
6175
6177
6176
6177
6378
6175
6176
6379
6381
6179
6180
6181
6183
6199
6181
6185
6187
6201
6184
6186
6184
6187
6188
6190
6203
6186
6187
6188
6192
6188
6206
6194
6207
6191
6193
6191
6194
6195
6196
6210
6193
6194
6195
6197
6195
6213
6198
6214
6198
6198
6218
6201
6352
6202
6204
6220
6355
6206
6208
6222
6207
6368
6205
6208
6371
6209
6211
6224
6374
6207
6213
6209
6227
6215
6228
6214
6387
6212
6215
6390
6216
6217
6231
6393
6214
6218
6216
6234
6219
6235
6219
6239
6221
6222
6223
6225
6223
6227
6229
6226
6228
6226
6229
6230
6232
6228
6229
6230
6234
6230
6236
6233
6235
6233
6236
6237
6238
6235
6236
6237
6239
6237
6240
6240
6240
6242
6243
6244
6246
6244
6248
6398
6399
6401
6250
6247
6249
6247
6250
6251
6253
6249
6250
6321
6322
6324
6251
6255
6405
6406
6408
6251
6257
6254
6256
6254
6257
6258
6256
6257
6328
6329
6331
6258
6412
6413
6415
6258
6260
6261
6262
6264
6278
6262
6266
6268
6280
6265
6267
6265
6268
6269
6271
6282
6267
6268
6269
6273
6269
6285
6275
6286
6272
6274
6272
6275
6276
6277
6289
6274
6275
6276
6276
6292
6293
6280
6281
6283
6299
6285
6418
6287
6301
6421
6286
6284
6287
6288
6290
6303
6286
6337
6292
6431
6288
6306
6434
6294
6307
6437
6293
6291
6294
6295
6296
6310
6293
6340
6297
6454
6295
6313
6457
6298
6314
6460
6298
6318
6300
6301
6302
6304
6302
6306
6308
6305
6307
6305
6308
6309
6311
6307
6308
6309
6313
6309
6315
6312
6314
6312
6315
6316
6317
6314
6315
6316
6318
6316
6319
6319
6319
6324
6325
6326
6404
6324
6325
6405
6324
6326
6399
6325
6326
6400
6649
6650
6408
6409
6653
6654
6403
6331
6332
6333
6411
6331
6332
6412
6331
6333
6406
6332
6333
6407
6665
6666
6415
6416
6669
6670
6410
6336
6413
6336
6414
6681
6682
6417
6339
6431
6339
6419
6433
6342
6454
6342
6432
6456
6455
6348
6349
6350
6575
6348
6350
6576
6349
6350
6348
6349
6579
6581
6353
6364
6353
6356
6370
6356
6361
6362
6363
6590
6361
6363
6591
6362
6363
6361
6362
6594
6596
6366
6366
6368
6369
6369
6383
6369
6372
6372
6374
6375
6375
6389
6375
6380
6381
6382
6613
6380
6382
6614
6381
6382
6380
6381
6617
6619
6385
6385
6387
6388
6388
6395
6388
6391
6391
6393
6394
6394
6396
6394
6401
6402
6403
6401
6402
6401
6403
6402
6403
6641
6642
6645
6646
6408
6409
6410
6408
6409
6408
6410
6409
6410
6657
6658
6661
6662
6415
6416
6417
6415
6416
6415
6417
6416
6417
6673
6674
6677
6678
6420
6420
6423
6423
6435
6428
6429
6430
6684
6428
6429
6441
6428
6430
6685
6429
6430
6443
6688
6446
6690
6433
6433
6436
6437
6436
6439
6439
6439
6458
6444
6445
6446
6699
6444
6446
6444
6445
6700
6445
6446
6703
6704
6451
6452
6453
6706
6451
6452
6464
6451
6453
6707
6452
6453
6466
6710
6469
6712
6456
6456
6459
6460
6459
6462
6462
6462
6477
6467
6468
6469
6729
6467
6469
6467
6468
6730
6468
6469
6733
6734
6474
6475
6476
6736
6474
6475
6479
6474
6476
6737
6475
6476
6481
6740
6484
6742
6482
6483
6484
6482
6484
6482
6483
6483
6484
6487
6491
6576
6577
6579
6487
6490
6493
6488
6490
6491
6490
6491
6496
6497
6494
6498
6499
6524
6525
6527
6494
6497
6495
6501
6497
6498
6502
6497
6498
6505
6501
6505
6591
6592
6594
6501
6504
6507
6502
6504
6505
6504
6505
6510
6511
6508
6512
6513
6531
6532
6534
6508
6511
6509
6515
6511
6512
6516
6511
6512
6519
6515
6519
6614
6615
6617
6515
6518
6520
6516
6518
6519
6518
6519
6521
6522
6522
6522
6527
6528
6529
6527
6529
6527
6528
6592
6528
6529
6593
6595
6534
6535
6536
6534
6536
6534
6535
6615
6535
6536
6616
6618
6539
6542
6544
6539
6543
6685
6686
6688
6540
6542
6543
6542
6543
6548
6549
6546
6549
6546
6550
6552
6700
6701
6703
6547
6553
6549
6550
6554
6549
6550
6557
6553
6556
6558
6553
6557
6707
6708
6710
6554
6556
6557
6556
6557
6562
6563
6560
6563
6560
6564
6566
6730
6731
6733
6561
6567
6563
6564
6568
6563
6564
6571
6567
6570
6572
6567
6571
6737
6738
6740
6568
6570
6571
6570
6571
6573
6574
6574
6574
6579
6580
6581
6579
6581
6579
6580
6580
6581
6584
6585
6586
6584
6585
6588
6588
6589
6588
6589
6602
6603
6594
6595
6596
6594
6596
6594
6595
6595
6596
6599
6600
6601
6599
6600
6606
6607
6604
6603
6604
6603
6604
6607
6608
6609
6607
6608
6611
6611
6612
6611
6612
6625
6626
6617
6618
6619
6617
6619
6617
6618
6618
6619
6622
6623
6624
6622
6623
6629
6630
6627
6626
6627
6626
6627
6630
6631
6632
6630
6631
6634
6634
6635
6634
6635
6637
6638
6638
6639
6638
6639
6642
6643
6644
6642
6643
6649
6646
6651
6646
6647
6646
6647
6650
6651
6652
6650
6651
6654
6654
6655
6654
6655
6661
6663
6658
6659
6660
6658
6659
6665
6662
6667
6662
6663
6662
6663
6666
6667
6668
6666
6667
6670
6670
6671
6670
6671
6677
6679
6674
6675
6676
6674
6675
6681
6678
6683
6678
6679
6678
6679
6682
6683
6682
6683
6688
6689
6690
6688
6690
6688
6689
6689
6690
6693
6694
6695
6693
6694
6697
6697
6698
6697
6698
6718
6719
6703
6704
6705
6703
6704
6703
6705
6708
6704
6705
6709
6711
6710
6711
6712
6710
6712
6710
6711
6711
6712
6715
6716
6717
6715
6716
6722
6720
6724
6719
6720
6719
6720
6723
6724
6725
6723
6724
6727
6727
6728
6727
6728
6748
6749
6733
6734
6735
6733
6734
6733
6735
6738
6734
6735
6739
6741
6740
6741
6742
6740
6742
6740
6741
6741
6742
6745
6746
6747
6745
6746
6752
6750
6754
6749
6750
6749
6750
6753
6754
6755
6753
6754
6757
6757
6758
6757
6758
6760
6761
6761
6762
6761
6762
6764
6765
6767
6766
6768
6766
6769
6770
6768
6769
6771
6770
6772
6770
6773
6774
6772
6773
6775
6774
6776
6774
6777
6778
6776
6777
6780
6778
6781
6778
6782
6783
6780
6784
6781
6782
6785
6783
6786
6783
6788
6789
6785
6787
6786
6788
6789
6790
6788
6791
6789
6792
6793
6793
6792
6794
6793
6795
6796
6795
6797
6796
6798
6799
6798
6800
6802
6799
6801
6803
6804
6801
6805
6806
6803
6805
6804
6806
6807
6806
6807
)


// ************************************************************************* //
