/*--------------------------------*- C++ -*----------------------------------*\
  =========                 |
  \\      /  F ield         | OpenFOAM: The Open Source CFD Toolbox
   \\    /   O peration     | Website:  https://openfoam.org
    \\  /    A nd           | Version:  7
     \\/     M anipulation  |
\*---------------------------------------------------------------------------*/
FoamFile
{
    version     2.0;
    format      ascii;
    class       labelList;
    location    "constant/polyMesh";
    object      pointProcAddressing;
}
// * * * * * * * * * * * * * * * * * * * * * * * * * * * * * * * * * * * * * //


11359
(
20689
20690
20691
20692
20693
20694
20695
20696
20697
20698
20699
20700
20701
20702
20703
20704
20705
20706
20707
20708
20709
20710
20711
20712
20713
20714
20715
20716
20717
20718
20719
20720
20721
20722
20723
20724
20725
20726
20727
20728
20729
20730
20731
20732
20733
20734
20735
20736
20737
20738
20739
20740
20741
20742
20743
20744
20745
20746
20747
20748
20749
20750
20751
20752
20753
20754
20755
20756
20757
20758
20759
20760
20761
20762
20763
20764
20765
20766
20767
20768
20769
20770
20771
20772
20773
20774
20775
20776
20777
20778
20779
20780
20781
20782
20783
20784
20785
20786
20787
20788
20789
20790
20791
20792
20793
20794
20795
20796
20797
20798
20799
20800
20801
20802
20803
20804
20805
20806
20807
20808
20809
20810
20811
20812
20813
20814
20815
20816
20817
20818
20819
20820
20821
20822
20823
20824
20825
20826
20827
20828
20829
20830
20831
20832
20833
20834
20835
20836
20837
20838
20839
20840
20841
20842
20843
20844
20845
20846
20847
20848
20849
20850
20851
20852
20853
20854
20855
20856
20857
20858
20859
20860
20861
20862
20863
20864
20865
20866
20867
20868
20869
20870
20871
20872
20873
20874
20875
20876
20877
20878
20879
20880
20881
20882
20883
20884
20885
20886
20887
20888
20889
20890
20891
20892
20893
20894
20895
20896
20897
20898
20899
20900
20901
20902
20903
20904
20905
20906
20907
20908
20909
20910
20911
20912
20913
20914
20915
20916
20917
20918
20919
20920
20921
20922
20923
20924
20925
20926
20927
20928
20929
20930
20931
20932
20933
20934
20935
20936
20937
20938
20939
20940
20941
20942
20943
20944
20945
20946
20947
20948
20949
20950
20951
20952
20953
20954
20955
20956
20957
20958
20959
20960
20961
20962
20963
20964
20965
20966
20967
20968
20969
20970
20971
20972
20973
20974
20975
20976
20977
20978
20979
20980
20981
20982
20983
20984
20985
20986
20987
20988
20989
20990
20991
20992
20993
20994
20995
20996
20997
20998
20999
21000
21001
21002
21003
21004
21005
21006
21007
21008
21009
21010
21011
21012
21013
21014
21015
21016
21017
21018
21019
21020
21021
21022
21023
21024
21025
21026
21027
21028
21029
21030
21031
21032
21033
21034
21035
21036
21037
21038
21039
21040
21041
21042
21043
21044
21045
21046
21047
21048
21049
21050
21051
21052
21053
21054
21055
21056
21057
21058
21059
21060
21061
21062
21063
21064
21065
21066
21067
21068
21069
21070
21071
21072
21073
21074
21075
21076
21077
21078
21079
21080
21081
21082
21083
21084
21085
21086
21087
21088
21089
21090
21091
21092
21093
21094
21095
21096
21097
21098
21099
21100
21101
21102
21103
21104
21105
21106
21107
21108
21109
21110
21111
21112
21113
21114
21115
21116
21117
21118
21119
21120
21121
21122
21123
21124
21125
21126
21127
21128
21129
21130
21131
21132
21133
21134
21135
21136
21137
21138
21139
21140
21141
21142
21143
21144
21145
21146
21147
21148
21149
21150
21151
21152
21153
21154
21155
21156
840
839
21157
850
21158
859
21159
21160
868
21161
877
876
885
893
1145
21162
1144
1153
21163
1157
21164
21165
21166
21167
21168
21169
21170
21171
21172
21173
21174
21175
21176
21177
21178
21179
21180
21181
21182
21183
21184
21185
21186
21187
21188
21189
21190
21191
21192
21193
21194
21195
21196
21197
21198
21199
21200
21201
21202
21203
21204
21205
21206
21207
21208
21209
21210
21211
21212
21213
21214
21215
21216
21217
21218
21219
21220
21221
21222
21223
21224
21225
21226
21227
21228
21229
21230
21231
21232
21233
21234
21235
21236
21237
21238
21239
21240
21241
21242
21243
21244
21245
21246
21247
21248
733
726
725
810
809
21249
734
811
21250
812
813
21251
21252
814
815
21253
21254
816
817
21255
818
21256
827
826
788
21257
21258
21259
21260
21261
782
781
808
797
806
21262
21263
21264
21265
21266
819
820
21267
21268
821
822
21269
21270
823
824
21271
825
2461
2460
21272
21273
2462
21274
2472
2471
2473
21275
21276
2474
21277
2475
21278
2476
21279
2477
21280
2478
21281
2479
21282
2483
21283
21284
21285
21286
21287
21288
21289
21290
21291
21292
21293
21294
21295
21296
21297
21298
21299
21300
21301
21302
21303
21304
21305
21306
21307
21308
21309
21310
21311
21312
21313
21314
21315
21316
21317
21318
21319
21320
21321
21322
21323
21324
21325
21326
21327
21328
21329
21330
21331
21332
21333
21334
21335
21336
21337
21338
21339
21340
21341
21342
21343
21344
21345
21346
21347
21348
21349
21350
21351
21352
21353
21354
21355
21356
21357
21358
21359
21360
21361
21362
21363
21364
21365
21366
21367
21368
21369
21370
21371
21372
21373
21374
21375
21376
21377
21378
21379
21380
21381
21382
21383
21384
21385
21386
21387
21388
21389
21390
21391
21392
21393
21394
21395
21396
21397
21398
21399
21400
21401
21402
21403
21404
21405
21406
21407
21408
21409
21410
21411
21412
21413
21414
21415
21416
21417
21418
21419
21420
21421
21422
21423
21424
21425
21426
21427
21428
21429
21430
21431
21432
21433
21434
21435
21436
21437
21438
21439
21440
21441
21442
21443
21444
21445
21446
21447
21448
21449
21450
21451
21452
21453
21454
21455
21456
21457
21458
21459
21460
21461
21462
21463
21464
21465
21466
21467
21468
21469
21470
21471
21472
21473
21474
21475
21476
21477
21478
21479
21480
21481
21482
21483
21484
21485
21486
21487
21488
21489
21490
21491
21492
21493
21494
21495
21496
21497
21498
21499
21500
21501
21502
21503
21504
21505
21506
21507
21508
21509
21510
21511
21512
21513
21514
21515
21516
21517
21518
21519
21520
21521
21522
21523
21524
21525
21526
21527
21528
21529
21530
21531
21532
21533
21534
21535
21536
21537
21538
21539
21540
21541
21542
21543
21544
21545
21546
21547
21548
21549
21550
21551
21552
21553
21554
21555
21556
21557
21558
21559
21560
21561
21562
21563
21564
21565
21566
21567
21568
21569
21570
21571
21572
21573
21574
21575
21576
21577
21578
21579
21580
21581
21582
21583
21584
21585
21586
21587
21588
21589
21590
21591
21592
21593
21594
21595
21596
21597
21598
21599
21600
21601
21602
21603
21604
21605
21606
21607
21608
21609
21610
21611
21612
21613
21614
21615
21616
21617
21618
21619
21620
21621
21622
21623
21624
21625
21626
21627
21628
21629
21630
21631
21632
21633
21634
21635
21636
21637
21638
21639
21640
21641
21642
21643
21644
21645
21646
21647
21648
21649
21650
21651
21652
21653
21654
21655
21656
21657
21658
21659
21660
21661
21662
21663
21664
21665
21666
21667
21668
21669
21670
21671
21672
21673
21674
21675
21676
21677
21678
21679
21680
21681
21682
21683
21684
21685
21686
21687
21688
21689
21690
21691
21692
21693
21694
21695
21696
21697
21698
21699
21700
21701
21702
21703
21704
21705
21706
21707
21708
21709
21710
21711
21712
21713
21714
21715
21716
21717
21718
21719
21720
21721
21722
21723
21724
21725
21726
21727
21728
21729
21730
21731
21732
21733
21734
21735
21736
21737
21738
21739
21740
21741
21742
21743
21744
21745
21746
21747
21748
21749
21750
21751
21752
21753
21754
21755
21756
21757
21758
21759
21760
21761
21762
21763
21764
21765
21766
21767
21768
21769
21770
21771
21772
21773
21774
21775
21776
21777
21778
21779
21780
21781
21782
21783
21784
21785
21786
21787
21788
21789
21790
21791
21792
21793
21794
21795
21796
21797
21798
21799
21800
21801
21802
21803
21804
21805
21806
21807
21808
21809
21810
21811
21812
21813
21814
21815
21816
21817
21818
21819
21820
21821
21822
21823
21824
21825
21826
21827
21828
21829
21830
21831
21832
21833
21834
21835
21836
21837
21838
21839
21840
21841
21842
21843
21844
21845
21846
21847
21848
21849
21850
21851
21852
21853
21854
21855
21856
21857
21858
21859
21860
21861
21862
21863
21864
21865
21866
21867
21868
21869
21870
21871
21872
21873
21874
21875
21876
21877
21878
21879
21880
21881
21882
21883
21884
21885
21886
21887
21888
21889
21890
21891
21892
21893
21894
21895
21896
21897
21898
21899
21900
21901
21902
21903
21904
21905
21906
21907
21908
21909
21910
21911
21912
21913
21914
21915
21916
21917
21918
21919
21920
21921
21922
21923
21924
21925
21926
21927
21928
21929
21930
21931
21932
21933
21934
21935
21936
21937
21938
21939
21940
21941
21942
21943
21944
21945
21946
21947
21948
21949
21950
21951
21952
21953
21954
21955
21956
21957
21958
21959
21960
21961
21962
21963
21964
21965
21966
21967
21968
21969
21970
21971
21972
21973
21974
21975
21976
21977
21978
21979
21980
21981
21982
21983
21984
21985
21986
21987
21988
21989
21990
21991
21992
21993
21994
21995
21996
21997
21998
21999
22000
22001
22002
22003
22004
22005
22006
22007
22008
22009
22010
22011
22012
22013
22014
22015
22016
22017
22018
22019
22020
22021
22022
22023
22024
22025
22026
22027
22028
22029
22030
22031
22032
22033
22034
22035
22036
22037
22038
22039
22040
22041
22042
22043
22044
22045
22046
22047
22048
22049
22050
22051
22052
22053
22054
22055
22056
22057
22058
22059
22060
22061
22062
22063
22064
22065
22066
22067
22068
22069
22070
22071
22072
22073
22074
22075
22076
22077
22078
22079
22080
22081
22082
22083
22084
22085
22086
22087
22088
22089
22090
22091
22092
22093
22094
22095
22096
22097
22098
22099
22100
22101
22102
22103
22104
22105
22106
22107
22108
22109
22110
22111
22112
22113
22114
22115
22116
22117
22118
22119
22120
22121
22122
22123
22124
22125
22126
22127
22128
22129
22130
22131
22132
22133
22134
22135
22136
22137
22138
22139
22140
22141
22142
22143
22144
22145
22146
22147
22148
22149
22150
22151
22152
22153
22154
22155
22156
22157
22158
22159
22160
22161
22162
22163
22164
22165
22166
22167
22168
22169
22170
22171
22172
22173
22174
22175
22176
22177
22178
22179
22180
22181
22182
22183
22184
22185
22186
22187
22188
22189
22190
22191
22192
22193
22194
22195
22196
22197
22198
22199
22200
22201
22202
22203
22204
22205
22206
22207
22208
22209
22210
22211
22212
22213
22214
22215
22216
22217
22218
22219
22220
22221
22222
22223
22224
22225
22226
22227
22228
22229
22230
22231
22232
22233
22234
22235
22236
22237
22238
22239
22240
22241
22242
22243
22244
22245
22246
22247
22248
22249
22250
22251
22252
22253
22254
22255
22256
22257
22258
22259
22260
22261
22262
22263
22264
22265
22266
22267
22268
22269
22270
22271
22272
22273
22274
22275
22276
22277
22278
22279
22280
22281
22282
22283
22284
22285
22286
22287
22288
22289
22290
22291
22292
22293
22294
22295
22296
22297
22298
22299
22300
22301
22302
22303
22304
22305
22306
22307
22308
22309
22310
22311
22312
22313
22314
22315
22316
22317
22318
22319
22320
22321
22322
22323
22324
22325
22326
22327
22328
22329
22330
22331
22332
22333
22334
22335
22336
22337
22338
22339
22340
22341
22342
22343
22344
22345
22346
22347
22348
22349
22350
22351
22352
22353
22354
22355
22356
22357
22358
22359
22360
22361
22362
22363
22364
22365
22366
22367
22368
22369
22370
22371
22372
22373
22374
22375
22376
22377
22378
22379
22380
22381
22382
22383
22384
22385
22386
22387
22388
22389
22390
22391
22392
22393
22394
22395
22396
22397
22398
22399
22400
22401
22402
22403
22404
22405
22406
22407
22408
22409
22410
22411
22412
22413
22414
22415
22416
22417
22418
22419
22420
22421
22422
22423
22424
22425
22426
22427
22428
22429
22430
22431
22432
22433
22434
22435
22436
22437
22438
22439
22440
22441
22442
22443
22444
22445
22446
22447
22448
22449
22450
22451
22452
22453
22454
22455
22456
22457
22458
22459
22460
22461
22462
22463
22464
22465
22466
22467
22468
22469
22470
22471
22472
22473
22474
22475
22476
22477
22478
22479
22480
22481
22482
22483
22484
22485
22486
22487
22488
22489
22490
22491
22492
22493
22494
22495
22496
22497
22498
22499
22500
22501
22502
22503
22504
22505
22506
22507
22508
22509
22510
22511
22512
22513
22514
22515
22516
22517
22518
22519
22520
22521
22522
22523
22524
22525
22526
22527
22528
22529
22530
22531
22532
22533
22534
22535
22536
22537
22538
22539
22540
22541
22542
22543
22544
22545
22546
22547
22548
22549
22550
22551
22552
22553
22554
22555
22556
22557
22558
22559
22560
22561
22562
22563
22564
22565
22566
22567
22568
22569
22570
22571
22572
22573
22574
22575
22576
22577
22578
22579
22580
22581
22582
22583
22584
22585
22586
22587
22588
22589
22590
22591
22592
22593
22594
22595
22596
22597
22598
22599
22600
22601
22602
22603
22604
22605
22606
22607
22608
22609
22610
22611
22612
22613
22614
22615
22616
22617
22618
22619
22620
22621
22622
22623
22624
22625
22626
22627
22628
22629
22630
22631
22632
22633
22634
22635
22636
22637
22638
22639
22640
22641
22642
22643
22644
22645
22646
22647
22648
22649
22650
22651
22652
22653
22654
22655
22656
22657
22658
22659
22660
22661
22662
22663
22664
22665
22666
22667
22668
22669
22670
22671
22672
22673
22674
22675
22676
22677
22678
22679
22680
22681
22682
22683
22684
22685
22686
22687
22688
22689
22690
22691
22692
22693
22694
22695
22696
22697
22698
22699
22700
22701
22702
22703
22704
22705
22706
22707
22708
22709
22710
22711
22712
22713
22714
22715
22716
22717
22718
22719
22720
22721
22722
22723
22724
22725
22726
22727
22728
22729
22730
22731
22732
22733
22734
22735
22736
22737
22738
22739
22740
22741
22742
22743
22744
22745
22746
22747
22748
22749
22750
22751
22752
22753
22754
22755
22756
22757
22758
22759
22760
22761
22762
22763
22764
22765
22766
22767
22768
22769
22770
22771
22772
22773
22774
22775
22776
22777
22778
22779
22780
22781
22782
22783
22784
22785
22786
22787
22788
22789
22790
22791
22792
22793
22794
22795
22796
22797
22798
22799
22800
22801
22802
22803
22804
22805
22806
22807
22808
22809
22810
22811
22812
22813
22814
22815
22816
22817
22818
22819
22820
22821
22822
22823
22824
22825
22826
22827
22828
22829
22830
22831
22832
22833
22834
22835
22836
22837
22838
22839
22840
22841
22842
22843
22844
22845
22846
22847
22848
22849
22850
22851
22852
22853
22854
22855
22856
22857
22858
22859
22860
22861
22862
22863
22864
22865
22866
22867
22868
22869
22870
22871
22872
22873
22874
22875
22876
22877
22878
22879
22880
22881
22882
22883
22884
22885
22886
22887
22888
22889
22890
22891
22892
22893
22894
22895
22896
22897
22898
22899
22900
22901
22902
22903
22904
22905
22906
22907
22908
22909
22910
22911
22912
22913
22914
22915
22916
22917
22918
22919
22920
22921
22922
22923
22924
22925
22926
22927
22928
22929
22930
22931
22932
22933
22934
22935
22936
22937
22938
22939
22940
22941
22942
22943
22944
22945
22946
22947
22948
22949
22950
22951
22952
22953
22954
22955
22956
22957
22958
22959
22960
22961
22962
22963
22964
22965
22966
22967
22968
22969
22970
22971
22972
22973
22974
22975
22976
22977
22978
22979
22980
22981
22982
22983
22984
22985
22986
22987
22988
22989
22990
22991
22992
22993
22994
22995
22996
22997
22998
22999
23000
23001
23002
23003
23004
23005
23006
23007
23008
23009
23010
23011
23012
23013
23014
23015
23016
23017
23018
23019
23020
23021
23022
23023
23024
23025
23026
23027
23028
23029
23030
23031
23032
23033
23034
23035
23036
23037
23038
23039
23040
23041
23042
23043
23044
23045
23046
23047
23048
23049
23050
23051
23052
23053
23054
23055
23056
23057
23058
23059
23060
23061
23062
23063
23064
23065
23066
23067
23068
23069
23070
23071
23072
23073
23074
23075
23076
23077
23078
23079
23080
23081
23082
23083
23084
23085
23086
23087
23088
23089
23090
23091
23092
23093
23094
23095
23096
23097
23098
23099
23100
23101
23102
23103
23104
23105
23106
23107
23108
23109
23110
23111
23112
23113
23114
23115
23116
23117
23118
23119
23120
23121
23122
23123
23124
23125
23126
23127
23128
23129
23130
23131
23132
23133
23134
23135
23136
23137
23138
23139
23140
23141
23142
23143
23144
23145
23146
23147
23148
23149
23150
23151
23152
23153
23154
23155
23156
23157
23158
23159
23160
23161
23162
23163
23164
23165
23166
23167
23168
23169
23170
23171
23172
23173
23174
23175
23176
23177
23178
23179
23180
23181
23182
23183
23184
23185
23186
23187
23188
23189
23190
23191
23192
23193
23194
23195
23196
23197
23198
23199
23200
23201
23202
23203
23204
23205
23206
23207
23208
23209
23210
23211
23212
23213
23214
23215
23216
23217
23218
23219
23220
23221
23222
23223
23224
23225
23226
23227
23228
23229
23230
23231
23232
23233
23234
23235
23236
23237
23238
23239
23240
23241
23242
23243
23244
23245
23246
23247
23248
23249
23250
23251
23252
23253
23254
23255
23256
23257
23258
23259
23260
23261
23262
23263
23264
23265
23266
23267
23268
23269
23270
23271
23272
23273
23274
23275
23276
23277
23278
23279
23280
23281
23282
23283
23284
23285
23286
23287
23288
23289
23290
23291
23292
23293
23294
23295
23296
23297
23298
23299
23300
23301
23302
23303
23304
23305
23306
23307
23308
23309
23310
23311
23312
23313
23314
23315
23316
23317
23318
23319
23320
23321
23322
23323
23324
23325
23326
23327
23328
23329
23330
23331
23332
23333
23334
23335
23336
23337
23338
23339
23340
23341
23342
23343
23344
23345
23346
23347
23348
23349
23350
23351
23352
23353
23354
23355
23356
23357
23358
23359
23360
23361
23362
23363
23364
23365
23366
23367
23368
23369
23370
23371
23372
23373
23374
23375
23376
23377
23378
23379
23380
23381
23382
23383
23384
23385
23386
23387
23388
23389
23390
23391
23392
23393
23394
23395
23396
23397
23398
23399
23400
23401
23402
23403
23404
23405
23406
23407
23408
23409
23410
23411
23412
23413
23414
23415
23416
23417
23418
23419
23420
23421
23422
23423
23424
23425
23426
23427
23428
23429
23430
23431
23432
23433
23434
23435
23436
23437
23438
23439
23440
23441
23442
23443
23444
23445
23446
23447
23448
23449
23450
23451
23452
23453
23454
23455
23456
23457
23458
23459
23460
23461
23462
23463
23464
23465
23466
23467
23468
23469
23470
23471
23472
23473
23474
23475
23476
23477
23478
23479
23480
23481
23482
23483
23484
23485
23486
23487
23488
23489
23490
23491
23492
23493
23494
23495
23496
23497
23498
23499
23500
23501
23502
23503
23504
23505
23506
23507
23508
23509
23510
23511
23512
23513
23514
23515
23516
23517
23518
23519
23520
23521
23522
23523
23524
23525
23526
23527
23528
23529
23530
23531
23532
23533
23534
23535
23536
23537
23538
23539
23540
23541
23542
23543
23544
23545
23546
23547
23548
23549
23550
23551
23552
23553
23554
23555
23556
23557
23558
23559
23560
23561
23562
23563
23564
23565
23566
23567
23568
23569
23570
23571
23572
23573
23574
23575
23576
23577
23578
23579
23580
23581
23582
23583
23584
23585
23586
23587
23588
23589
23590
23591
23592
23593
23594
23595
23596
23597
23598
23599
23600
23601
23602
23603
23604
23605
23606
23607
23608
23609
23610
23611
23612
23613
23614
23615
23616
23617
23618
23619
23620
23621
23622
23623
23624
23625
23626
23627
23628
23629
23630
23631
23632
23633
23634
23635
23636
23637
23638
23639
23640
23641
23642
23643
23644
23645
23646
23647
23648
23649
23650
23651
23652
23653
23654
23655
23656
23657
23658
23659
23660
23661
23662
23663
23664
23665
23666
23667
23668
23669
23670
23671
23672
23673
23674
23675
23676
23677
23678
23679
23680
23681
23682
23683
23684
23685
23686
23687
23688
23689
23690
23691
23692
23693
23694
23695
23696
23697
23698
23699
23700
23701
23702
23703
23704
23705
23706
23707
23708
23709
23710
23711
23712
23713
23714
23715
23716
23717
23718
23719
23720
23721
23722
23723
23724
23725
23726
23727
23728
23729
23730
23731
23732
23733
23734
23735
23736
23737
23738
23739
23740
23741
23742
23743
23744
23745
23746
23747
23748
23749
23750
23751
23752
23753
23754
23755
23756
23757
23758
23759
23760
23761
23762
23763
23764
23765
23766
23767
23768
23769
23770
23771
23772
23773
23774
23775
23776
23777
23778
23779
23780
23781
23782
23783
23784
23785
23786
23787
23788
23789
23790
23791
23792
23793
23794
23795
23796
23797
23798
23799
23800
23801
23802
23803
23804
23805
23806
23807
23808
23809
23810
23811
23812
23813
23814
23815
23816
23817
23818
23819
23820
23821
23822
23823
23824
23825
23826
23827
23828
23829
23830
23831
23832
23833
23834
23835
23836
23837
23838
23839
23840
23841
23842
23843
23844
23845
23846
23847
23848
23849
23850
23851
23852
23853
23854
23855
23856
23857
23858
23859
23860
23861
23862
23863
23864
23865
23866
23867
23868
23869
23870
23871
23872
23873
23874
23875
23876
23877
23878
23879
23880
23881
23882
23883
23884
23885
23886
23887
23888
23889
23890
23891
23892
23893
23894
23895
23896
23897
23898
23899
23900
23901
23902
23903
23904
23905
23906
23907
23908
23909
23910
23911
23912
23913
23914
23915
23916
23917
23918
23919
23920
23921
23922
23923
23924
23925
23926
23927
23928
23929
23930
23931
23932
23933
23934
23935
23936
23937
23938
23939
23940
23941
23942
23943
23944
23945
23946
23947
23948
23949
23950
23951
23952
23953
23954
23955
23956
23957
23958
23959
23960
23961
23962
23963
23964
23965
23966
23967
23968
23969
23970
23971
23972
23973
23974
23975
23976
23977
23978
23979
23980
23981
23982
23983
23984
23985
23986
23987
23988
23989
23990
23991
23992
23993
23994
23995
23996
23997
23998
23999
24000
24001
24002
24003
24004
24005
24006
24007
24008
24009
24010
24011
24012
24013
24014
24015
24016
24017
24018
24019
24020
24021
24022
24023
24024
24025
24026
24027
24028
24029
24030
24031
24032
24033
24034
24035
24036
24037
24038
24039
24040
24041
24042
24043
24044
24045
24046
24047
24048
24049
24050
24051
24052
24053
24054
24055
24056
24057
24058
24059
24060
24061
24062
24063
24064
24065
24066
24067
24068
24069
24070
24071
24072
24073
24074
24075
24076
24077
24078
24079
24080
24081
24082
24083
24084
24085
24086
24087
24088
24089
24090
24091
24092
24093
24094
24095
24096
24097
24098
24099
24100
24101
24102
24103
24104
24105
24106
24107
24108
24109
24110
24111
24112
24113
24114
24115
24116
24117
24118
24119
24120
24121
24122
24123
24124
24125
24126
24127
24128
24129
24130
24131
24132
24133
24134
24135
24136
24137
24138
24139
24140
24141
24142
24143
24144
24145
24146
24147
24148
24149
24150
24151
24152
24153
24154
24155
24156
24157
24158
24159
24160
24161
24162
24163
24164
24165
24166
24167
24168
24169
24170
24171
24172
24173
24174
24175
24176
24177
24178
24179
24180
24181
24182
24183
24184
24185
24186
24187
24188
24189
24190
24191
24192
24193
24194
24195
24196
24197
24198
24199
24200
24201
24202
24203
24204
24205
24206
24207
24208
24209
24210
24211
24212
24213
24214
24215
24216
24217
24218
24219
24220
24221
24222
24223
24224
24225
24226
24227
24228
24229
24230
24231
24232
24233
24234
24235
24236
24237
24238
24239
24240
24241
24242
24243
24244
24245
24246
24247
24248
24249
24250
24251
24252
24253
24254
24255
24256
24257
24258
24259
24260
24261
24262
24263
24264
24265
24266
24267
24268
24269
24270
24271
24272
24273
24274
24275
24276
24277
24278
24279
24280
24281
24282
24283
24284
24285
24286
24287
24288
24289
24290
24291
24292
24293
24294
24295
24296
24297
24298
24299
24300
24301
24302
24303
24304
24305
24306
24307
24308
24309
24310
24311
24312
24313
24314
24315
24316
24317
24318
24319
24320
24321
24322
24323
24324
24325
24326
24327
24328
24329
24330
24331
24332
24333
24334
24335
24336
24337
24338
24339
24340
24341
24342
24343
24344
24345
24346
24347
24348
24349
24350
24351
24352
24353
24354
24355
24356
24357
24358
24359
24360
24361
24362
24363
24364
24365
24366
24367
24368
24369
24370
24371
24372
24373
24374
24375
24376
24377
24378
24379
24380
24381
24382
24383
24384
24385
24386
24387
24388
24389
24390
24391
24392
24393
24394
24395
24396
24397
24398
24399
24400
24401
24402
24403
24404
24405
24406
24407
24408
24409
24410
24411
24412
24413
24414
24415
24416
24417
24418
24419
24420
24421
24422
24423
24424
24425
24426
24427
24428
24429
24430
24431
24432
24433
24434
24435
24436
24437
24438
24439
24440
24441
24442
24443
24444
24445
24446
24447
24448
24449
24450
24451
24452
24453
24454
24455
24456
24457
24458
24459
24460
24461
24462
24463
24464
24465
24466
24467
24468
24469
24470
24471
24472
24473
24474
24475
24476
24477
24478
24479
24480
24481
24482
24483
24484
24485
24486
24487
24488
24489
24490
24491
24492
24493
24494
24495
24496
24497
24498
24499
24500
24501
24502
24503
24504
24505
24506
24507
24508
24509
24510
24511
24512
24513
24514
24515
24516
24517
24518
24519
24520
24521
24522
24523
24524
24525
24526
24527
24528
24529
24530
24531
24532
24533
24534
24535
24536
24537
24538
24539
24540
24541
24542
24543
24544
24545
24546
24547
24548
24549
24550
24551
24552
24553
24554
24555
24556
24557
24558
24559
24560
24561
24562
24563
24564
24565
24566
24567
24568
24569
24570
24571
24572
24573
24574
24575
24576
24577
24578
24579
24580
24581
24582
24583
24584
24585
24586
24587
24588
24589
24590
24591
24592
24593
24594
24595
24596
24597
24598
24599
24600
24601
24602
24603
24604
24605
24606
24607
24608
24609
24610
24611
24612
24613
24614
24615
24616
24617
24618
24619
24620
24621
24622
24623
24624
24625
24626
24627
24628
24629
24630
24631
24632
24633
24634
24635
24636
24637
24638
24639
24640
24641
24642
24643
24644
24645
24646
24647
24648
24649
24650
24651
24652
24653
24654
24655
24656
24657
24658
24659
24660
24661
24662
24663
24664
24665
24666
24667
24668
24669
24670
24671
24672
24673
24674
24675
24676
24677
24678
24679
24680
24681
24682
24683
24684
24685
24686
24687
24688
24689
24690
24691
24692
24693
24694
24695
24696
24697
24698
24699
24700
24701
24702
24703
24704
24705
24706
24707
24708
24709
24710
24711
24712
24713
24714
24715
24716
24717
24718
24719
24720
24721
24722
24723
24724
24725
24726
24727
24728
24729
24730
24731
24732
24733
24734
24735
24736
24737
24738
24739
24740
24741
24742
24743
24744
24745
24746
24747
24748
24749
24750
24751
24752
24753
24754
24755
24756
24757
24758
24759
24760
24761
24762
24763
24764
24765
24766
24767
24768
24769
24770
24771
24772
24773
24774
24775
24776
24777
24778
24779
24780
24781
24782
24783
24784
24785
24786
24787
24788
24789
24790
24791
24792
24793
24794
24795
24796
24797
24798
24799
24800
24801
24802
24803
24804
24805
24806
24807
24808
24809
24810
24811
24812
24813
24814
24815
24816
24817
24818
24819
24820
24821
24822
24823
24824
24825
24826
24827
24828
24829
24830
24831
24832
24833
24834
24835
24836
24837
24838
24839
24840
24841
24842
24843
24844
24845
24846
24847
24848
24849
24850
24851
24852
24853
24854
24855
24856
24857
24858
24859
24860
24861
24862
24863
24864
24865
24866
24867
24868
24869
24870
24871
24872
24873
24874
24875
24876
24877
24878
24879
24880
24881
24882
24883
24884
24885
24886
24887
24888
24889
24890
24891
24892
24893
24894
24895
24896
24897
24898
24899
24900
24901
24902
24903
24904
24905
24906
24907
24908
24909
24910
24911
24912
24913
24914
24915
24916
24917
24918
24919
24920
24921
24922
24923
24924
24925
24926
24927
24928
24929
24930
24931
24932
24933
24934
24935
24936
24937
24938
24939
24940
24941
24942
24943
24944
24945
24946
24947
24948
24949
24950
24951
24952
24953
24954
24955
24956
24957
24958
24959
24960
24961
24962
24963
24964
24965
24966
24967
24968
24969
24970
24971
24972
24973
24974
24975
24976
24977
24978
24979
24980
24981
24982
24983
24984
24985
24986
24987
24988
24989
24990
24991
24992
24993
24994
24995
24996
24997
24998
24999
25000
25001
25002
25003
25004
25005
25006
25007
25008
25009
25010
25011
25012
25013
25014
25015
25016
25017
25018
25019
25020
25021
25022
25023
25024
25025
25026
25027
25028
25029
25030
25031
25032
25033
25034
25035
25036
25037
25038
25039
25040
25041
25042
25043
25044
25045
25046
25047
25048
25049
25050
25051
25052
25053
25054
25055
25056
25057
25058
25059
25060
25061
25062
25063
25064
25065
25066
25067
25068
25069
25070
25071
25072
25073
25074
25075
25076
25077
25078
25079
25080
25081
25082
25083
25084
25085
25086
25087
25088
25089
25090
25091
25092
25093
25094
25095
25096
25097
25098
25099
25100
25101
25102
25103
25104
25105
25106
25107
25108
25109
25110
25111
25112
25113
25114
25115
25116
25117
25118
25119
25120
25121
25122
25123
25124
25125
25126
25127
25128
25129
25130
25131
25132
25133
25134
25135
25136
25137
25138
25139
25140
25141
25142
25143
25144
25145
25146
25147
25148
25149
25150
25151
25152
25153
25154
25155
25156
25157
25158
25159
25160
25161
25162
25163
25164
25165
25166
25167
25168
25169
25170
25171
25172
25173
25174
25175
25176
25177
25178
25179
25180
25181
25182
25183
25184
25185
25186
25187
25188
25189
25190
25191
25192
25193
25194
25195
25196
25197
25198
25199
25200
25201
25202
25203
25204
25205
25206
25207
25208
25209
25210
25211
25212
25213
25214
25215
25216
25217
25218
25219
25220
25221
25222
25223
25224
25225
25226
25227
25228
25229
25230
25231
25232
25233
25234
25235
25236
25237
25238
25239
25240
25241
25242
25243
25244
25245
25246
25247
25248
25249
25250
25251
25252
25253
25254
25255
25256
25257
25258
25259
25260
25261
25262
25263
25264
25265
25266
25267
25268
25269
25270
25271
25272
25273
25274
25275
25276
25277
25278
25279
25280
25281
25282
25283
25284
25285
25286
25287
25288
25289
25290
25291
25292
25293
25294
25295
25296
25297
25298
25299
25300
25301
25302
25303
25304
25305
25306
25307
25308
25309
25310
25311
25312
25313
25314
25315
25316
25317
25318
25319
25320
25321
25322
25323
25324
25325
25326
25327
25328
25329
25330
25331
25332
25333
25334
25335
25336
25337
25338
25339
25340
25341
25342
25343
25344
25345
25346
25347
25348
25349
25350
25351
25352
25353
25354
25355
25356
25357
25358
25359
25360
25361
25362
25363
25364
25365
25366
25367
25368
25369
25370
25371
25372
25373
25374
25375
25376
25377
25378
25379
25380
25381
25382
25383
25384
25385
25386
25387
25388
25389
25390
25391
25392
25393
25394
25395
25396
25397
25398
25399
25400
25401
25402
25403
25404
25405
25406
25407
25408
25409
25410
25411
25412
25413
25414
25415
25416
25417
25418
25419
25420
25421
25422
25423
25424
25425
25426
25427
25428
25429
25430
25431
25432
25433
25434
25435
25436
25437
25438
25439
25440
25441
25442
25443
25444
25445
25446
25447
25448
25449
25450
25451
25452
25453
25454
25455
25456
25457
25458
25459
25460
25461
25462
25463
25464
25465
25466
25467
25468
25469
25470
25471
25472
25473
25474
25475
25476
25477
25478
25479
25480
25481
25482
25483
25484
25485
25486
25487
25488
25489
25490
25491
25492
25493
25494
25495
25496
25497
25498
25499
25500
25501
25502
25503
25504
25505
25506
25507
25508
25509
25510
25511
25512
25513
25514
25515
25516
25517
25518
25519
25520
25521
25522
25523
25524
25525
25526
25527
25528
25529
25530
25531
25532
25533
25534
25535
25536
25537
25538
25539
25540
25541
25542
25543
25544
25545
25546
25547
25548
25549
25550
25551
25552
25553
25554
25555
25556
25557
25558
25559
25560
25561
25562
25563
25564
25565
25566
25567
25568
25569
25570
25571
25572
25573
25574
25575
25576
25577
25578
25579
25580
25581
25582
25583
25584
25585
25586
25587
25588
25589
25590
25591
25592
25593
25594
25595
25596
25597
25598
25599
25600
25601
25602
25603
25604
25605
25606
25607
25608
25609
25610
25611
25612
25613
25614
25615
25616
25617
25618
25619
25620
25621
25622
25623
25624
25625
25626
25627
25628
25629
25630
25631
25632
25633
25634
25635
25636
25637
25638
25639
25640
25641
25642
25643
25644
25645
25646
25647
25648
25649
25650
25651
25652
25653
25654
25655
25656
25657
25658
25659
25660
25661
25662
25663
25664
25665
25666
25667
25668
25669
25670
25671
25672
25673
25674
25675
25676
25677
25678
25679
25680
25681
25682
25683
25684
25685
25686
25687
25688
25689
25690
25691
25692
25693
25694
25695
25696
25697
25698
25699
25700
25701
25702
25703
25704
25705
25706
25707
25708
25709
25710
25711
25712
25713
25714
25715
25716
25717
25718
25719
25720
25721
25722
25723
25724
25725
25726
25727
25728
25729
25730
25731
25732
25733
25734
25735
25736
25737
25738
25739
25740
25741
25742
25743
25744
25745
25746
25747
25748
25749
25750
25751
25752
25753
25754
25755
25756
25757
25758
25759
25760
25761
25762
25763
25764
25765
25766
25767
25768
25769
25770
25771
25772
25773
25774
25775
25776
25777
25778
25779
25780
25781
25782
25783
25784
25785
25786
25787
25788
25789
25790
25791
25792
25793
25794
25795
25796
25797
25798
25799
25800
25801
25802
25803
25804
25805
25806
25807
25808
25809
25810
25811
25812
25813
25814
25815
25816
25817
25818
25819
25820
25821
25822
25823
25824
25825
25826
25827
25828
25829
25830
25831
25832
25833
25834
25835
25836
25837
25838
25839
25840
25841
25842
25843
25844
25845
25846
25847
25848
25849
25850
25851
25852
25853
25854
25855
25856
25857
25858
25859
25860
25861
25862
25863
25864
25865
25866
25867
25868
25869
25870
25871
25872
25873
25874
25875
25876
25877
25878
25879
25880
25881
25882
25883
25884
25885
25886
25887
25888
25889
25890
25891
25892
25893
25894
25895
25896
25897
25898
25899
25900
25901
25902
25903
25904
25905
25906
25907
25908
25909
25910
25911
25912
25913
25914
25915
25916
25917
25918
25919
25920
25921
25922
25923
25924
25925
25926
25927
25928
25929
25930
25931
25932
25933
25934
25935
25936
25937
25938
25939
25940
25941
25942
25943
25944
25945
25946
25947
25948
25949
25950
25951
25952
25953
25954
25955
25956
25957
25958
25959
25960
25961
25962
25963
25964
25965
25966
25967
25968
25969
25970
25971
25972
25973
25974
25975
25976
25977
25978
25979
25980
25981
25982
25983
25984
25985
25986
25987
25988
25989
25990
25991
25992
25993
25994
25995
25996
25997
25998
25999
26000
26001
26002
26003
26004
26005
26006
26007
26008
26009
26010
26011
26012
26013
26014
26015
26016
26017
26018
26019
26020
26021
26022
26023
26024
26025
26026
26027
26028
26029
26030
26031
26032
26033
26034
26035
26036
26037
26038
26039
26040
26041
26042
26043
26044
26045
26046
26047
26048
26049
26050
26051
26052
26053
26054
26055
26056
26057
26058
26059
26060
26061
26062
26063
26064
26065
26066
26067
26068
26069
26070
26071
26072
26073
26074
26075
26076
26077
26078
26079
26080
26081
26082
26083
26084
26085
26086
26087
26088
26089
26090
26091
26092
26093
26094
26095
26096
26097
26098
26099
26100
26101
26102
26103
26104
26105
26106
26107
26108
26109
26110
26111
26112
26113
26114
26115
26116
26117
26118
26119
26120
26121
26122
26123
26124
26125
26126
26127
26128
26129
26130
26131
26132
26133
26134
26135
26136
26137
26138
26139
26140
26141
26142
26143
26144
26145
26146
26147
26148
26149
26150
26151
26152
26153
26154
26155
26156
26157
26158
26159
26160
26161
26162
26163
26164
26165
26166
26167
26168
26169
26170
26171
26172
26173
26174
26175
26176
26177
26178
26179
26180
26181
26182
26183
26184
26185
26186
26187
26188
26189
26190
26191
26192
26193
26194
26195
26196
26197
26198
26199
26200
26201
26202
26203
26204
26205
26206
26207
26208
26209
26210
26211
26212
26213
26214
26215
26216
26217
26218
26219
26220
26221
26222
26223
26224
26225
26226
26227
26228
26229
26230
26231
26232
26233
26234
26235
26236
26237
26238
26239
26240
26241
26242
26243
26244
26245
26246
26247
26248
26249
26250
26251
26252
26253
26254
26255
26256
26257
26258
26259
26260
26261
26262
26263
26264
26265
26266
26267
26268
26269
26270
26271
26272
26273
26274
26275
26276
26277
26278
26279
26280
26281
26282
26283
26284
26285
26286
26287
26288
26289
26290
26291
26292
26293
26294
26295
26296
26297
26298
26299
26300
26301
26302
26303
26304
26305
26306
26307
26308
26309
26310
26311
26312
26313
26314
26315
26316
26317
26318
26319
26320
26321
26322
26323
26324
26325
26326
26327
26328
26329
26330
26331
26332
26333
26334
26335
26336
26337
26338
26339
26340
26341
26342
26343
26344
26345
26346
26347
26348
26349
26350
26351
26352
26353
26354
26355
26356
26357
26358
26359
26360
26361
26362
26363
26364
26365
26366
26367
26368
26369
26370
26371
26372
26373
26374
26375
26376
26377
26378
26379
26380
26381
26382
26383
26384
26385
26386
26387
26388
26389
26390
26391
26392
26393
26394
26395
26396
26397
26398
26399
26400
26401
26402
26403
26404
26405
26406
26407
26408
26409
26410
26411
26412
26413
26414
26415
26416
26417
26418
26419
26420
26421
26422
26423
26424
26425
26426
26427
26428
26429
26430
26431
26432
26433
26434
26435
26436
26437
26438
26439
26440
26441
26442
26443
26444
26445
26446
26447
26448
26449
26450
26451
26452
26453
26454
26455
26456
26457
26458
26459
26460
26461
26462
26463
26464
26465
26466
26467
26468
26469
26470
26471
26472
26473
26474
26475
26476
26477
26478
26479
26480
26481
26482
26483
26484
26485
26486
26487
26488
26489
26490
26491
26492
26493
26494
26495
26496
26497
26498
26499
26500
26501
26502
26503
26504
26505
26506
26507
26508
26509
26510
26511
26512
26513
26514
26515
26516
26517
26518
26519
26520
26521
26522
26523
26524
26525
26526
26527
26528
26529
26530
26531
26532
26533
26534
26535
26536
26537
26538
26539
26540
26541
26542
26543
26544
26545
26546
26547
26548
26549
26550
26551
26552
26553
26554
26555
26556
26557
26558
26559
26560
26561
26562
26563
26564
26565
26566
26567
26568
26569
26570
26571
26572
26573
26574
26575
26576
26577
26578
26579
26580
26581
26582
26583
26584
26585
26586
26587
26588
26589
26590
26591
26592
26593
26594
26595
26596
26597
26598
26599
26600
26601
26602
26603
26604
26605
26606
26607
26608
26609
26610
26611
26612
26613
26614
26615
26616
26617
26618
26619
26620
26621
26622
26623
26624
26625
26626
26627
26628
26629
26630
26631
26632
26633
26634
26635
26636
26637
26638
26639
26640
26641
26642
26643
26644
26645
26646
26647
26648
26649
26650
26651
26652
26653
26654
26655
26656
26657
26658
26659
26660
26661
26662
26663
26664
26665
26666
26667
26668
26669
26670
26671
26672
26673
26674
26675
26676
26677
26678
26679
26680
26681
26682
26683
26684
26685
26686
26687
26688
26689
26690
26691
26692
26693
26694
26695
26696
26697
26698
26699
26700
26701
26702
26703
26704
26705
26706
26707
26708
26709
26710
26711
26712
26713
26714
26715
26716
26717
26718
26719
26720
26721
26722
26723
26724
26725
26726
26727
26728
26729
26730
26731
26732
26733
26734
26735
26736
26737
26738
26739
26740
26741
26742
26743
26744
26745
26746
26747
26748
26749
26750
26751
26752
26753
26754
26755
26756
26757
26758
26759
26760
26761
26762
26763
26764
26765
26766
26767
26768
26769
26770
26771
26772
26773
26774
26775
26776
26777
26778
26779
26780
26781
26782
26783
26784
26785
26786
26787
26788
26789
26790
26791
26792
26793
26794
26795
26796
26797
26798
26799
26800
26801
26802
26803
26804
26805
26806
26807
26808
26809
26810
26811
26812
26813
26814
26815
26816
26817
26818
26819
26820
26821
26822
26823
26824
26825
26826
26827
26828
26829
26830
26831
26832
26833
26834
26835
26836
26837
26838
26839
26840
26841
26842
26843
26844
26845
26846
26847
26848
26849
26850
26851
26852
26853
26854
26855
26856
26857
26858
26859
26860
26861
26862
26863
26864
26865
26866
26867
26868
26869
26870
26871
26872
26873
26874
26875
26876
26877
26878
26879
26880
26881
26882
26883
26884
26885
26886
26887
26888
26889
26890
26891
26892
26893
26894
26895
26896
26897
26898
26899
26900
26901
26902
26903
26904
26905
26906
26907
26908
26909
26910
26911
26912
26913
26914
26915
26916
26917
26918
26919
26920
26921
26922
26923
26924
26925
26926
26927
26928
26929
26930
26931
26932
26933
26934
26935
26936
26937
26938
26939
26940
26941
26942
26943
26944
26945
26946
26947
26948
26949
26950
26951
26952
26953
26954
26955
26956
26957
26958
26959
26960
26961
26962
26963
26964
26965
26966
26967
26968
26969
26970
26971
26972
26973
26974
26975
26976
26977
26978
26979
26980
26981
26982
26983
26984
26985
26986
26987
26988
26989
26990
26991
26992
26993
26994
26995
26996
26997
26998
26999
27000
27001
27002
27003
27004
27005
27006
27007
27008
27009
27010
27011
27012
27013
27014
27015
27016
27017
27018
27019
27020
27021
27022
27023
27024
27025
27026
27027
27028
27029
27030
27031
27032
27033
27034
27035
27036
27037
27038
27039
27040
27041
27042
27043
27044
27045
27046
27047
27048
27049
27050
27051
27052
27053
27054
27055
27056
27057
27058
27059
27060
27061
27062
27063
27064
27065
27066
27067
27068
27069
27070
27071
27072
27073
27074
27075
27076
27077
27078
27079
27080
27081
27082
27083
27084
27085
27086
27087
27088
27089
27090
27091
27092
27093
27094
27095
27096
27097
27098
27099
27100
27101
27102
27103
27104
27105
27106
27107
27108
27109
27110
27111
27112
27113
27114
27115
27116
27117
27118
27119
27120
27121
27122
27123
27124
27125
27126
27127
27128
27129
27130
27131
27132
27133
27134
27135
27136
27137
27138
27139
27140
27141
27142
27143
27144
27145
27146
27147
27148
27149
27150
27151
27152
27153
27154
27155
27156
27157
27158
27159
27160
27161
27162
27163
27164
27165
27166
27167
27168
27169
27170
27171
27172
27173
27174
27175
27176
27177
27178
27179
27180
27181
27182
27183
27184
27185
27186
27187
27188
27189
27190
27191
27192
27193
27194
27195
27196
27197
27198
27199
27200
27201
27202
27203
27204
27205
27206
27207
27208
27209
27210
27211
27212
27213
27214
27215
27216
27217
27218
27219
27220
27221
27222
27223
27224
27225
27226
27227
27228
27229
27230
27231
27232
27233
27234
27235
27236
27237
27238
27239
27240
27241
27242
27243
27244
27245
27246
27247
27248
27249
27250
27251
27252
27253
27254
27255
27256
27257
27258
27259
27260
27261
27262
27263
27264
27265
27266
27267
27268
27269
27270
27271
27272
27273
27274
27275
27276
27277
27278
27279
27280
27281
27282
27283
27284
27285
27286
27287
27288
27289
27290
27291
27292
27293
27294
27295
27296
27297
27298
27299
27300
27301
27302
27303
27304
27305
27306
27307
27308
27309
27310
27311
27312
27313
27314
27315
27316
27317
27318
27319
27320
27321
27322
27323
27324
27325
27326
27327
27328
27329
27330
27331
27332
27333
27334
27335
27336
27337
27338
27339
27340
27341
27342
27343
27344
27345
27346
27347
27348
27349
27350
27351
27352
27353
27354
27355
27356
27357
27358
27359
27360
27361
27362
27363
27364
27365
27366
27367
27368
27369
27370
27371
27372
27373
27374
27375
27376
27377
27378
27379
27380
27381
27382
27383
27384
27385
27386
27387
27388
27389
27390
27391
27392
27393
27394
27395
27396
27397
27398
27399
27400
27401
27402
27403
27404
27405
27406
27407
27408
27409
27410
27411
27412
27413
27414
27415
27416
27417
27418
27419
27420
27421
27422
27423
27424
27425
27426
27427
27428
27429
27430
27431
27432
27433
27434
27435
27436
27437
27438
27439
27440
27441
27442
27443
27444
27445
27446
27447
27448
27449
27450
27451
27452
2463
27453
2464
27454
2465
27455
2466
27456
2467
27457
2468
27458
2469
27459
2470
27460
2122
2121
27461
27462
2165
27463
2198
27464
2223
27465
2248
27466
2273
27467
2298
27468
2335
27469
2373
27470
2411
27471
27472
2059
27473
2060
27474
2067
27475
2069
27476
2071
27477
2073
27478
2075
27479
2077
27480
2079
27481
2081
27482
2083
27483
2085
27484
27485
27486
2099
27487
2100
27488
2107
27489
2109
27490
2111
27491
2113
27492
2115
27493
2117
27494
2119
27495
2123
27496
2062
27497
2061
27498
2068
27499
2070
27500
2072
27501
2074
27502
2076
27503
2078
27504
2080
27505
2082
27506
2084
27507
2087
27508
27509
27510
2102
27511
2101
27512
2108
27513
2110
27514
2112
27515
2114
27516
2116
27517
2118
27518
2120
27519
2126
27520
2125
27521
2129
27522
2130
27523
2131
27524
2132
27525
2133
27526
2134
27527
2135
27528
2136
27529
2137
27530
2138
27531
2140
27532
2180
27533
2184
27534
2154
27535
2153
27536
2158
27537
2159
27538
2160
27539
2161
27540
2162
27541
2163
27542
2164
27543
2167
27544
2166
27545
2168
27546
2169
27547
2170
27548
2171
27549
2172
27550
2173
27551
2174
27552
2175
27553
2176
27554
2177
27555
2178
27556
2181
27557
2187
27558
2186
27559
2190
27560
2191
27561
2192
27562
2193
27563
2194
27564
2195
27565
2196
27566
2197
27567
2200
27568
2199
27569
2201
27570
2202
27571
2203
27572
2204
27573
2205
27574
2206
27575
2207
27576
2208
27577
2209
27578
2210
27579
2211
27580
2212
27581
2214
27582
2213
27583
2215
27584
2216
27585
2217
27586
2218
27587
2219
27588
2220
27589
2221
27590
2222
27591
2225
27592
2224
27593
2226
27594
2227
27595
2228
27596
2229
27597
2230
27598
2231
27599
2232
27600
2233
27601
2234
27602
2235
27603
2236
27604
2237
27605
2239
27606
2238
27607
2240
27608
2241
27609
2242
27610
2243
27611
2244
27612
2245
27613
2246
27614
2247
27615
2250
27616
2249
27617
2251
27618
2252
27619
2253
27620
2254
27621
2255
27622
2256
27623
2257
27624
2258
27625
2259
27626
2260
27627
2261
27628
2262
27629
2264
27630
2263
27631
2265
27632
2266
27633
2267
27634
2268
27635
2269
27636
2270
27637
2271
27638
2272
27639
2275
27640
2274
27641
2276
27642
2277
27643
2278
27644
2279
27645
2280
27646
2281
27647
2282
27648
2283
27649
2284
27650
2285
27651
2286
27652
2287
27653
2289
27654
2288
27655
2290
27656
2291
27657
2292
27658
2293
27659
2294
27660
2295
27661
2296
27662
2297
27663
2301
27664
2299
27665
2305
27666
2306
27667
2307
27668
2308
27669
2309
27670
2310
27671
2311
27672
2312
27673
2313
27674
2314
27675
2315
27676
2316
27677
2323
27678
2321
27679
2327
27680
2328
27681
2329
27682
2330
27683
2331
27684
2332
27685
2333
27686
2334
27687
27688
2339
27689
2338
27690
2343
27691
2344
27692
2345
27693
2346
27694
2347
27695
2348
27696
2349
27697
2350
27698
2351
27699
2353
27700
27701
27702
2362
27703
2361
27704
2366
27705
2367
27706
2368
27707
2369
27708
2370
27709
2371
27710
2372
27711
2375
27712
2374
27713
2379
27714
2380
27715
2381
27716
2382
27717
2383
27718
2384
27719
2385
27720
2386
27721
2387
27722
2389
27723
27724
27725
2400
27726
2399
27727
2404
27728
2405
27729
2406
27730
2407
27731
2408
27732
2409
27733
2410
27734
2058
2412
2056
27735
27736
2065
2063
27737
2420
27738
2096
27739
2127
2124
27740
2066
2146
2150
2487
27741
2342
2376
27742
27743
27744
27745
2378
2448
2441
2055
27746
2064
2128
2417
2094
2414
27747
2377
2415
2057
2093
27748
2098
27749
27750
27751
27752
27753
2088
2086
27754
27755
27756
27757
27758
27759
27760
27761
27762
27763
27764
2105
2103
27765
2090
27766
27767
2106
2388
27768
27769
2436
2396
27770
2401
27771
2391
27772
27773
27774
27775
27776
27777
27778
27779
27780
27781
2403
2427
2432
2424
2499
27782
27783
27784
2095
2431
27785
27786
27787
27788
27789
27790
27791
2451
2453
2089
27792
2143
27793
27794
2426
27795
27796
27797
2104
2151
27798
27799
27800
2434
2438
27801
2394
27802
27803
27804
27805
27806
27807
2440
27808
27809
27810
2429
27811
27812
27813
27814
27815
2091
2097
27816
27817
27818
27819
2393
2398
27820
27821
27822
27823
27824
27825
27826
27827
27828
27829
2355
2365
27830
2445
27831
2416
27832
27833
27834
27835
27836
2446
27837
27838
27839
2449
27840
2442
2506
2458
27841
27842
27843
2452
2456
27844
27845
27846
27847
27848
27849
27850
27851
27852
27853
27854
27855
27856
27857
27858
27859
27860
27861
27862
27863
27864
27865
27866
27867
27868
27869
27870
27871
2459
2500
27872
27873
27874
27875
27876
2430
27877
27878
27879
27880
27881
27882
27883
27884
27885
2392
2397
27886
2390
27887
2402
27888
27889
27890
27891
27892
27893
2443
27894
27895
27896
27897
27898
27899
27900
27901
27902
2450
2455
27903
27904
27905
2457
27906
27907
27908
27909
27910
27911
27912
27913
27914
27915
27916
27917
27918
27919
27920
27921
27922
27923
27924
27925
27926
27927
27928
27929
27930
27931
27932
2480
27933
27934
27935
27936
27937
27938
27939
27940
27941
27942
27943
27944
27945
27946
2482
2447
27947
27948
27949
27950
27951
27952
27953
27954
27955
27956
27957
2481
27958
27959
27960
27961
27962
27963
27964
2144
27965
2148
27966
2152
27967
2337
27968
2356
27969
2358
27970
2360
27971
27972
27973
27974
27975
27976
27977
27978
27979
27980
27981
27982
27983
27984
27985
27986
27987
27988
27989
27990
27991
27992
27993
27994
27995
27996
27997
27998
27999
28000
28001
28002
28003
28004
28005
28006
28007
2139
28008
28009
28010
28011
28012
28013
28014
28015
28016
28017
28018
2155
28019
2142
2179
28020
28021
2183
28022
2188
2185
28023
28024
2157
28025
2303
2300
28026
28027
28028
2304
2340
28029
28030
2319
2317
2352
28031
28032
28033
2320
28034
28035
2325
2322
28036
28037
28038
2326
2363
28039
28040
28041
28042
28043
28044
28045
28046
28047
28048
28049
28050
28051
28052
28053
28054
28055
28056
2413
28057
2423
2421
2498
28058
28059
2418
2147
2428
2484
2486
2492
28060
28061
28062
28063
28064
2503
28065
2419
2493
28066
2092
28067
28068
28069
28070
28071
28072
28073
28074
28075
28076
28077
28078
28079
28080
28081
28082
28083
28084
2489
2437
2490
2395
28085
28086
28087
28088
28089
28090
28091
2433
28092
28093
28094
28095
2425
28096
28097
28098
28099
28100
28101
28102
2454
28103
2435
2439
28104
28105
28106
28107
28108
28109
2444
28110
28111
28112
28113
28114
28115
28116
28117
28118
28119
28120
2141
28121
28122
2145
2182
28123
28124
28125
2149
28126
28127
28128
28129
28130
28131
2156
2189
28132
28133
2302
28134
2318
28135
2324
28136
2336
28137
28138
2341
28139
28140
28141
2354
28142
28143
2357
28144
28145
2359
28146
28147
28148
28149
28150
28151
2364
28152
2491
28153
28154
28155
28156
28157
2494
28158
28159
28160
28161
28162
28163
28164
2495
28165
28166
2496
28167
28168
28169
28170
28171
28172
28173
28174
28175
28176
28177
28178
28179
28180
2497
28181
28182
28183
28184
28185
2422
28186
28187
28188
28189
28190
28191
28192
2501
28193
28194
28195
28196
2502
28197
28198
28199
28200
28201
28202
28203
28204
28205
28206
28207
28208
28209
28210
2504
2505
28211
28212
28213
28214
28215
28216
28217
2507
28218
28219
28220
28221
28222
28223
28224
28225
2508
28226
2509
28227
28228
2511
28229
650
741
649
739
723
747
722
750
2517
28230
2518
756
2519
28231
2520
762
2521
28232
2522
768
2523
28233
657
774
2526
28234
2530
28235
630
673
2512
2510
729
28236
2514
736
2528
2529
785
28237
2532
802
2513
732
644
680
2531
789
710
638
790
631
728
798
706
784
730
792
731
803
804
807
727
791
801
805
648
738
746
753
759
765
771
777
663
780
2515
28238
721
28239
743
740
28240
744
748
28241
751
28242
754
28243
757
28244
760
28245
763
28246
766
28247
769
28248
772
2524
658
2525
28249
775
28250
724
697
674
794
795
735
800
787
786
2516
28251
737
720
745
28252
742
752
28253
749
758
28254
755
764
28255
761
770
28256
767
776
28257
773
661
778
2527
28258
779
783
793
796
799
28259
28260
28261
1003
1128
1127
1006
1008
1129
28262
28263
28264
28265
28266
28267
28268
1082
1118
1125
1124
1126
1119
1123
1087
1086
1059
1057
1013
1066
1067
1063
1074
1075
1071
1083
1079
1009
1062
1070
1078
28269
28270
28271
28272
28273
28274
28275
28276
28277
28278
28279
28280
28281
28282
28283
28284
28285
28286
28287
1090
1091
28288
28289
28290
28291
1098
1099
1095
28292
28293
28294
28295
1106
1107
1103
28296
28297
28298
28299
1114
1115
1111
28300
28301
28302
28303
1040
1043
1045
1051
1046
1094
1102
1110
1117
28304
28305
830
829
828
842
841
28306
845
844
851
843
854
853
860
852
863
862
869
861
872
871
878
870
881
880
889
879
28307
28308
894
886
887
895
28309
28310
901
897
896
902
28311
28312
905
904
903
906
28313
28314
909
908
907
910
912
911
28315
28316
28317
28318
832
834
836
838
28319
28320
28321
28322
831
833
835
837
28323
28324
28325
28326
846
847
848
849
28327
28328
28329
28330
855
856
857
858
28331
864
865
866
867
873
874
875
882
883
884
888
890
28332
891
892
1146
898
899
900
28333
28334
28335
1147
1148
1149
28336
28337
28338
1150
1151
1152
28339
28340
28341
1154
1155
1156
913
922
931
940
949
958
967
976
985
994
28342
917
28343
926
28344
935
28345
944
28346
953
28347
962
28348
971
28349
980
28350
989
28351
998
28352
1048
28353
920
929
28354
930
938
28355
939
947
28356
948
956
28357
957
965
28358
966
974
28359
975
983
28360
984
992
28361
993
1001
28362
1002
1055
921
1004
916
1015
914
923
925
1017
932
934
1020
941
943
1023
950
952
1026
959
961
1029
968
970
1032
977
979
1035
986
988
1038
1041
995
997
1053
918
1007
919
1011
928
927
1018
937
936
1021
946
945
1024
955
954
1027
964
963
1030
973
972
1033
982
981
1036
991
990
1039
1000
999
1049
1050
1054
915
924
933
942
951
960
969
978
987
996
1005
1014
1016
1019
1022
1025
1028
1031
1034
1037
1047
1052
1012
1061
1069
1077
1085
1093
1101
1109
1044
1058
1065
1073
1081
1089
1097
1105
1113
1010
1042
1056
1060
1064
1068
1072
1076
1080
1084
1088
1092
1096
1100
1104
1108
1112
1116
1130
1132
1134
1141
1131
1136
1143
1135
1142
1121
1122
1133
1138
1120
1137
1139
1140
2485
28363
2488
28364
28365
28366
28367
28368
28369
28370
28371
28372
28373
28374
28375
28376
28377
28378
28379
28380
28381
28382
28383
28384
28385
28386
28387
28388
28389
28390
28391
28392
28393
28394
2014
2013
28395
2015
28396
2016
28397
2017
28398
28399
2018
28400
28401
2019
28402
2020
28403
28404
28405
28406
28407
28408
2025
2024
28409
28410
2026
28411
28412
2027
28413
28414
2021
28415
28416
28417
2022
28418
28419
2023
28420
28421
1638
1637
28422
1681
28423
1714
28424
1739
28425
28426
1764
28427
28428
1789
28429
28430
1814
28431
28432
1847
28433
28434
1882
28435
28436
1933
28437
28438
1568
28439
28440
1572
28441
28442
1573
28443
28444
1577
28445
28446
1579
28447
28448
1581
28449
28450
1583
28451
28452
1585
28453
28454
1587
28455
28456
1589
28457
28458
1591
28459
28460
1593
28461
28462
1595
28463
28464
28465
28466
28467
28468
28469
28470
1615
28471
28472
1616
28473
28474
1623
28475
28476
1625
28477
28478
1627
28479
28480
1629
28481
1631
28482
1633
28483
1635
28484
28485
1639
28486
28487
1575
28488
28489
1574
28490
28491
1578
28492
28493
1580
28494
28495
1582
28496
28497
1584
28498
28499
1586
28500
28501
1588
28502
28503
1590
28504
28505
1592
28506
28507
1594
28508
28509
1597
28510
28511
28512
28513
28514
28515
28516
28517
1618
28518
28519
1617
28520
28521
1624
28522
28523
1626
28524
28525
1628
28526
28527
1630
28528
1632
28529
1634
28530
1636
28531
28532
1642
28533
28534
1641
28535
28536
1643
28537
28538
1644
28539
28540
1645
28541
28542
1646
28543
28544
1647
28545
28546
1648
28547
28548
1649
28549
28550
1650
28551
28552
1651
28553
28554
1652
28555
28556
1654
28557
28558
1696
28559
28560
1700
28561
28562
1670
28563
28564
1669
28565
28566
1674
28567
28568
1675
28569
28570
1676
28571
28572
1677
28573
28574
1678
28575
1679
28576
1680
28577
28578
1683
28579
28580
1682
28581
28582
1684
28583
28584
1685
28585
28586
1686
28587
28588
1687
28589
28590
1688
28591
28592
1689
28593
28594
1690
28595
28596
1691
28597
28598
1692
28599
28600
1693
28601
28602
1694
28603
28604
1697
28605
28606
1703
28607
28608
1702
28609
28610
1706
28611
28612
1707
28613
28614
1708
28615
28616
1709
28617
28618
1710
28619
28620
1711
28621
28622
1712
28623
1713
28624
28625
1716
28626
28627
1715
28628
28629
1717
28630
28631
1718
28632
28633
1719
28634
28635
1720
28636
28637
1721
28638
28639
1722
28640
28641
1723
28642
28643
1724
28644
28645
1725
28646
28647
1726
28648
28649
1727
28650
28651
1728
28652
28653
1730
28654
28655
1729
28656
28657
1731
28658
28659
1732
28660
28661
1733
28662
28663
1734
28664
28665
1735
28666
28667
1736
28668
28669
1737
28670
28671
1738
28672
28673
1741
28674
28675
1740
28676
28677
1742
28678
28679
1743
28680
28681
1744
28682
28683
1745
28684
28685
1746
28686
28687
1747
28688
28689
1748
28690
28691
1749
28692
28693
1750
28694
28695
1751
28696
28697
1752
28698
28699
1753
28700
28701
1755
28702
28703
1754
28704
28705
1756
28706
28707
1757
28708
28709
1758
28710
28711
1759
28712
28713
1760
28714
28715
1761
28716
28717
1762
28718
28719
1763
28720
28721
1766
28722
28723
1765
28724
28725
1767
28726
28727
1768
28728
28729
1769
28730
28731
1770
28732
28733
1771
28734
28735
1772
28736
28737
1773
28738
28739
1774
28740
28741
1775
28742
28743
1776
28744
28745
1777
28746
28747
1778
28748
28749
1780
28750
28751
1779
28752
28753
1781
28754
28755
1782
28756
28757
1783
28758
28759
1784
28760
28761
1785
28762
28763
1786
28764
28765
1787
28766
28767
1788
28768
28769
1791
28770
28771
1790
28772
28773
1792
28774
28775
1793
28776
28777
1794
28778
28779
1795
28780
28781
1796
28782
28783
1797
28784
28785
1798
28786
28787
1799
28788
28789
1800
28790
28791
1801
28792
28793
1802
28794
28795
1803
28796
28797
1805
28798
28799
1804
28800
28801
1806
28802
28803
1807
28804
28805
1808
28806
28807
1809
28808
28809
1810
28810
28811
1811
28812
28813
1812
28814
28815
1813
28816
28817
1817
28818
28819
1815
28820
28821
1818
28822
28823
1819
28824
28825
1820
28826
28827
1821
28828
28829
1822
28830
28831
1823
28832
28833
1824
28834
28835
1825
28836
28837
1826
28838
28839
1827
28840
28841
1828
28842
28843
1829
28844
28845
1835
28846
28847
1833
28848
28849
1839
28850
28851
1840
28852
28853
1841
28854
28855
1842
28856
28857
1843
28858
28859
1844
28860
28861
1845
28862
28863
1846
28864
28865
1883
28866
28867
1851
28868
28869
1850
28870
28871
1853
28872
28873
1854
28874
28875
1855
28876
28877
1856
28878
28879
1857
28880
28881
1858
28882
28883
1859
28884
28885
1860
28886
28887
1861
28888
28889
1863
28890
28891
1905
28892
28893
28894
28895
28896
1871
28897
28898
1870
28899
28900
1875
28901
28902
1876
28903
28904
1877
28905
28906
1878
28907
28908
1879
28909
28910
1880
28911
28912
1881
28913
28914
1890
28915
28916
1889
28917
28918
1892
28919
28920
1893
28921
28922
1894
28923
28924
1895
28925
28926
1896
28927
28928
1897
28929
28930
1898
28931
28932
1899
28933
28934
1900
28935
28936
1902
28937
28938
28939
28940
28941
1955
28942
28943
1922
28944
28945
1921
28946
28947
1926
28948
28949
1927
28950
28951
1928
28952
28953
1929
28954
28955
1930
28956
28957
1931
28958
28959
1932
28960
28961
28962
28963
28964
28965
28966
28967
28968
28969
1569
1571
28970
28971
28972
28973
1576
28974
28975
28976
28977
28978
28979
28980
28981
28982
1609
28983
28984
28985
28986
28987
1640
28988
28989
28990
28991
1660
28992
28993
1666
28994
28995
28996
28997
1945
28998
28999
29000
29001
1891
29002
29003
29004
29005
2035
1976
29006
29007
29008
29009
1913
1917
29010
29011
1946
29012
29013
29014
29015
29016
29017
29018
29019
29020
29021
29022
29023
1570
29024
29025
29026
29027
1967
29028
29029
1607
29030
29031
29032
29033
29034
29035
1943
29036
29037
29038
29039
29040
29041
1911
29042
29043
29044
29045
1603
29046
29047
1974
29048
29049
1611
29050
29051
29052
29053
1915
29054
29055
29056
29057
29058
29059
29060
29061
1935
29062
29063
29064
29065
29066
1995
29067
29068
29069
29070
29071
29072
29073
29074
29075
29076
2000
1961
29077
29078
29079
29080
29081
29082
1598
29083
1596
29084
29085
29086
29087
29088
29089
29090
29091
29092
1963
29093
29094
29095
29096
29097
29098
29099
29100
29101
29102
29103
29104
29105
29106
29107
1613
29108
29109
29110
29111
29112
1621
1619
29113
29114
29115
29116
1600
29117
29118
29119
29120
29121
29122
1622
29123
29124
29125
29126
29127
29128
1903
1901
29129
29130
29131
29132
29133
29134
29135
1874
1923
29136
29137
29138
29139
29140
29141
29142
1979
29143
29144
29145
29146
29147
29148
29149
29150
29151
29152
1989
29153
29154
29155
29156
29157
29158
29159
29160
29161
29162
29163
1990
1958
29164
29165
1956
29166
29167
1925
29168
29169
29170
29171
29172
29173
29174
29175
29176
29177
29178
29179
29180
1950
29181
29182
29183
29184
29185
29186
29187
29188
29189
29190
29191
29192
29193
29194
29195
1970
29196
29197
29198
29199
29200
29201
29202
29203
29204
29205
29206
1608
29207
29208
1614
29209
29210
29211
29212
29213
29214
29215
29216
29217
29218
1980
29219
29220
29221
29222
29223
29224
29225
29226
29227
1918
29228
29229
29230
29231
29232
29233
29234
29235
1947
29236
1951
29237
29238
29239
29240
29241
29242
29243
29244
29245
29246
1599
29247
29248
29249
29250
29251
29252
29253
29254
29255
29256
1965
1657
29257
29258
29259
29260
29261
29262
29263
1972
29264
29265
29266
29267
29268
29269
29270
29271
29272
29273
29274
29275
1620
1667
1612
29276
29277
29278
29279
1914
29280
29281
1994
29282
29283
29284
29285
29286
29287
29288
29289
1904
29290
29291
29292
1987
29293
29294
1999
29295
29296
29297
29298
29299
29300
29301
1916
29302
29303
29304
29305
1924
1991
1957
29306
29307
29308
29309
29310
1997
29311
29312
2043
29313
29314
29315
29316
29317
29318
29319
29320
29321
29322
29323
29324
29325
1992
29326
29327
29328
29329
29330
29331
29332
29333
29334
29335
29336
29337
29338
1952
29339
29340
29341
29342
29343
29344
29345
29346
29347
29348
29349
29350
29351
29352
29353
29354
29355
29356
29357
29358
29359
29360
29361
29362
29363
29364
2003
1959
29365
29366
29367
29368
29369
29370
1601
2031
1610
29371
29372
29373
29374
29375
29376
29377
29378
1934
29379
29380
29381
29382
29383
29384
29385
29386
29387
29388
29389
29390
29391
29392
29393
29394
29395
29396
29397
29398
29399
29400
29401
29402
29403
29404
29405
29406
29407
29408
29409
29410
29411
29412
29413
29414
29415
29416
29417
29418
29419
29420
29421
29422
29423
2029
29424
29425
29426
29427
29428
29429
29430
29431
29432
29433
29434
29435
29436
29437
29438
29439
29440
29441
29442
29443
29444
29445
29446
29447
29448
29449
29450
29451
29452
2004
29453
1936
29454
29455
29456
29457
29458
29459
29460
29461
29462
29463
29464
29465
29466
29467
29468
2008
1998
29469
29470
29471
29472
29473
29474
29475
29476
29477
29478
29479
29480
29481
29482
29483
29484
29485
29486
29487
29488
29489
29490
29491
29492
29493
2040
29494
29495
2011
1960
29496
29497
29498
29499
29500
29501
29502
29503
29504
29505
29506
29507
29508
29509
29510
29511
29512
29513
29514
29515
29516
29517
29518
29519
29520
29521
29522
29523
29524
29525
2009
29526
29527
29528
29529
29530
29531
29532
29533
29534
29535
29536
29537
29538
29539
29540
29541
29542
29543
29544
29545
29546
29547
29548
29549
29550
29551
29552
29553
29554
29555
29556
29557
29558
29559
29560
2006
29561
29562
29563
29564
29565
29566
29567
29568
29569
29570
29571
29572
29573
29574
29575
29576
29577
29578
29579
29580
29581
29582
29583
29584
29585
2012
29586
29587
29588
29589
29590
29591
29592
29593
29594
29595
29596
29597
29598
29599
29600
29601
29602
29603
29604
29605
29606
29607
29608
29609
29610
29611
29612
29613
29614
29615
29616
29617
29618
29619
29620
29621
29622
29623
2007
29624
29625
29626
29627
29628
29629
29630
29631
29632
29633
29634
29635
29636
29637
29638
29639
29640
29641
29642
29643
29644
29645
29646
29647
29648
29649
29650
29651
29652
29653
29654
29655
29656
29657
29658
29659
29660
29661
29662
29663
29664
29665
29666
29667
29668
2005
29669
29670
29671
29672
29673
29674
29675
29676
29677
29678
29679
29680
29681
29682
29683
29684
29685
29686
29687
29688
29689
29690
29691
29692
29693
29694
29695
29696
29697
29698
29699
29700
2010
29701
29702
29703
29704
29705
29706
29707
29708
29709
29710
29711
29712
29713
29714
29715
29716
29717
29718
29719
29720
29721
29722
29723
29724
29725
29726
29727
29728
29729
29730
29731
29732
29733
29734
29735
29736
29737
29738
29739
29740
29741
29742
29743
29744
29745
29746
29747
29748
29749
29750
29751
29752
29753
29754
29755
29756
29757
29758
29759
29760
29761
29762
29763
29764
29765
29766
29767
29768
29769
29770
29771
29772
29773
29774
29775
29776
29777
29778
29779
29780
29781
29782
29783
29784
29785
29786
29787
1658
29788
29789
1662
29790
29791
1668
29792
29793
29794
29795
1865
29796
29797
1867
29798
29799
1869
29800
29801
1888
29802
29803
1910
29804
29805
29806
29807
29808
29809
29810
29811
29812
29813
29814
29815
29816
1938
1942
29817
29818
29819
29820
29821
29822
29823
29824
29825
29826
29827
29828
29829
29830
29831
29832
1954
29833
29834
29835
29836
29837
29838
1966
29839
29840
29841
29842
29843
29844
29845
1986
29846
29847
29848
29849
29850
29851
29852
29853
29854
29855
29856
29857
29858
29859
29860
29861
29862
29863
29864
29865
29866
29867
29868
29869
29870
29871
29872
29873
29874
29875
29876
29877
29878
29879
29880
29881
29882
29883
29884
29885
29886
29887
29888
29889
29890
29891
29892
29893
29894
29895
29896
29897
29898
29899
29900
29901
29902
29903
1653
29904
29905
29906
29907
29908
29909
29910
29911
29912
29913
29914
29915
29916
1663
29917
29918
29919
29920
29921
29922
29923
29924
29925
29926
29927
29928
29929
29930
29931
1940
29932
29933
1671
29934
29935
29936
29937
1656
1695
29938
29939
1699
29940
29941
29942
29943
1704
1701
29944
29945
1673
29946
29947
29948
29949
29950
29951
1816
1849
29952
29953
29954
29955
1852
29956
29957
29958
29959
29960
29961
1830
1862
29962
29963
29964
29965
1831
2034
29966
29967
29968
29969
29970
29971
1837
1834
29972
29973
29974
29975
29976
1838
1872
29977
29978
29979
29980
29981
29982
29983
29984
29985
1886
1884
29986
29987
29988
29989
29990
29991
29992
29993
29994
29995
1906
29996
1908
29997
29998
29999
30000
30001
30002
30003
30004
30005
30006
1920
30007
30008
30009
30010
30011
30012
30013
30014
30015
30016
30017
30018
30019
30020
30021
30022
30023
30024
30025
30026
30027
30028
30029
30030
30031
30032
30033
30034
30035
30036
30037
30038
30039
30040
30041
30042
1968
1661
30043
30044
30045
30046
1975
2032
30047
30048
30049
30050
30051
30052
30053
30054
30055
30056
30057
30058
30059
1949
1944
30060
30061
30062
30063
30064
30065
30066
2037
1977
30067
30068
30069
30070
2038
1912
30071
30072
30073
30074
30075
30076
30077
30078
30079
30080
30081
30082
30083
1969
30084
30085
30086
30087
30088
30089
30090
30091
30092
30093
30094
1605
1602
30095
30096
1973
30097
30098
30099
30100
30101
30102
30103
1982
30104
30105
30106
30107
30108
30109
30110
30111
1993
30112
30113
30114
30115
30116
1996
30117
30118
30119
30120
30121
30122
30123
30124
30125
30126
2001
2002
30127
30128
30129
30130
30131
30132
30133
30134
1606
30135
30136
30137
30138
30139
30140
30141
30142
30143
30144
30145
30146
30147
30148
30149
30150
1964
2030
30151
30152
30153
30154
30155
30156
30157
30158
30159
1978
30160
1984
30161
30162
30163
30164
30165
30166
30167
30168
30169
30170
30171
30172
30173
30174
30175
30176
30177
30178
30179
1988
2042
30180
30181
30182
30183
30184
30185
30186
30187
30188
30189
30190
30191
30192
30193
30194
30195
30196
30197
30198
30199
30200
30201
30202
30203
30204
30205
30206
30207
30208
30209
30210
30211
30212
30213
30214
30215
30216
30217
30218
30219
30220
30221
30222
30223
30224
30225
30226
30227
2039
30228
30229
30230
30231
30232
30233
30234
30235
30236
30237
30238
30239
30240
30241
30242
30243
30244
30245
30246
30247
30248
1604
30249
30250
30251
30252
30253
30254
30255
30256
30257
30258
2028
30259
30260
30261
1655
30262
30263
30264
30265
30266
30267
30268
1659
1698
30269
30270
30271
30272
30273
30274
30275
30276
30277
30278
30279
30280
30281
30282
30283
1665
1664
1941
30284
30285
30286
30287
30288
30289
30290
1672
1705
30291
30292
30293
30294
1832
30295
30296
1836
30297
30298
30299
30300
30301
30302
30303
30304
1848
30305
30306
30307
1885
30308
30309
30310
30311
30312
1864
30313
1866
30314
30315
30316
30317
30318
30319
30320
30321
30322
30323
30324
30325
30326
30327
30328
1868
1909
1953
30329
30330
30331
30332
30333
1873
30334
30335
30336
30337
30338
30339
30340
30341
30342
30343
30344
30345
30346
1948
1887
30347
30348
30349
30350
30351
30352
30353
30354
1907
30355
30356
1919
30357
30358
30359
30360
30361
30362
30363
30364
30365
30366
30367
30368
30369
30370
30371
30372
30373
30374
30375
30376
30377
30378
30379
30380
30381
30382
30383
30384
30385
30386
30387
30388
1937
1939
30389
30390
30391
30392
30393
30394
30395
30396
30397
30398
30399
30400
30401
30402
30403
30404
30405
30406
30407
30408
30409
30410
30411
30412
30413
30414
30415
30416
30417
30418
30419
30420
30421
30422
30423
30424
30425
30426
30427
30428
30429
30430
30431
30432
30433
30434
2041
30435
30436
30437
30438
30439
30440
30441
30442
30443
30444
30445
30446
30447
30448
30449
30450
30451
30452
1971
30453
30454
30455
30456
30457
30458
30459
30460
30461
30462
30463
30464
30465
30466
30467
30468
30469
30470
30471
30472
30473
30474
30475
30476
30477
30478
30479
30480
30481
1981
1983
1985
30482
30483
30484
30485
30486
30487
30488
30489
30490
30491
30492
30493
30494
30495
30496
30497
30498
30499
30500
30501
30502
30503
30504
2044
30505
30506
30507
30508
30509
30510
30511
30512
30513
30514
30515
30516
30517
30518
30519
30520
30521
30522
30523
30524
30525
2045
30526
30527
30528
30529
30530
30531
30532
30533
30534
30535
30536
30537
30538
30539
30540
30541
30542
30543
30544
30545
30546
30547
30548
30549
30550
30551
30552
30553
30554
30555
30556
30557
30558
2046
30559
30560
30561
30562
30563
30564
30565
30566
30567
30568
30569
30570
30571
30572
1962
30573
30574
30575
30576
2047
1168
1170
30577
2048
1167
1169
30578
2049
1171
1172
30579
2050
1173
1174
30580
2051
1175
1176
30581
2052
1177
1178
2053
1158
1179
1180
1181
1182
1183
1184
1185
1186
1160
1162
30582
1187
1188
1159
1161
1166
30583
30584
2054
1163
1164
1165
30585
30586
30587
30588
30589
2033
30590
30591
2036
30592
30593
30594
30595
30596
)


// ************************************************************************* //
